1764546.750000 9722155.000000
1834728.250000 9714764.000000
1897487.250000 9717101.000000
1828170.750000 9722414.000000
1796048.500000 9713777.000000
1881763.500000 9715047.000000
1967848.625000 9707809.000000
2088120.750000 9713876.000000
2205290.000000 9714206.000000
2353117.000000 9711795.000000
2548300.500000 9723191.000000
2862453.250000 9718223.000000
2138099.000000 9715242.000000
1360364.625000 9712813.000000
1434578.750000 9718649.000000
1499352.500000 9711471.000000
1426284.000000 9715155.000000
1385145.000000 9714301.000000
1474837.750000 9716075.000000
1565432.500000 9717426.000000
1686272.875000 9718728.000000
1803153.500000 9718366.000000
1953180.250000 9713931.000000
2147598.000000 9714953.000000
2473247.250000 9719492.000000
2139118.250000 9720139.000000
1358176.125000 9713598.000000
1435237.250000 9712004.000000
1501059.625000 9714489.000000
1425794.000000 9714525.000000
1386557.500000 9718359.000000
1474666.875000 9712347.000000
1563396.375000 9712999.000000
1683106.000000 9719573.000000
1803265.500000 9716562.000000
1955788.750000 9716043.000000
2145438.500000 9716305.000000
2471608.750000 9715133.000000
2135296.500000 9713699.000000
1357609.500000 9712591.000000
1435627.750000 9716800.000000
1499314.250000 9712683.000000
1425264.500000 9708851.000000
1384280.750000 9710377.000000
1473899.375000 9714942.000000
1563805.000000 9715484.000000
1687031.750000 9715000.000000
1803309.250000 9718108.000000
1956006.625000 9714416.000000
2145837.750000 9714929.000000
2472594.500000 9716858.000000
1981717.750000 9719040.000000
2057750.000000 9710909.000000
1989648.000000 9711048.000000
1953309.250000 9721052.000000
1924530.625000 9715960.000000
2028998.500000 9718589.000000
2148666.500000 9710977.000000
2268666.000000 9716835.000000
2419383.250000 9716331.000000
2610535.500000 9715397.000000
2939493.000000 9710306.000000
1358602.375000 9717514.000000
2331638.750000 9713420.000000
1595634.000000 9717591.000000
1673543.125000 9718907.000000
1600397.625000 9712578.000000
1557899.875000 9719904.000000
1523509.500000 9710463.000000
1630195.125000 9719791.000000
1750924.250000 9714602.000000
1872713.000000 9717933.000000
2025430.625000 9716589.000000
2212883.250000 9709997.000000
2560953.500000 9719484.000000
1359412.625000 9716262.000000
2338108.250000 9718567.000000
1594300.375000 9716247.000000
1672584.750000 9716188.000000
1600851.875000 9724491.000000
1556686.875000 9710570.000000
1526400.000000 9718256.000000
1627452.000000 9711270.000000
1750273.000000 9717693.000000
1869694.500000 9715038.000000
2025596.000000 9722530.000000
2215485.000000 9718084.000000
2555621.000000 9714072.000000
1360219.000000 9718379.000000
2336632.750000 9716652.000000
1592680.125000 9717301.000000
1673306.000000 9715338.000000
1600232.750000 9715460.000000
1556329.000000 9716224.000000
1526188.000000 9718671.000000
1630905.000000 9713038.000000
1751685.375000 9712798.000000
1874025.375000 9717470.000000
2024990.875000 9715053.000000
2216615.750000 9716978.000000
2560173.000000 9724222.000000
2207111.250000 9717060.000000
2151760.500000 9714425.000000
2115323.000000 9717088.000000
2084675.000000 9718718.000000
2076271.500000 9717821.000000
2213064.750000 9720082.000000
2330451.250000 9717803.000000
2483432.000000 9712176.000000
2674670.500000 9717657.000000
3013076.500000 9716539.000000
1436101.125000 9711657.000000
1593682.875000 9712359.000000
2561325.750000 9714780.000000
1832010.750000 9717101.000000
1774540.500000 9712390.000000
1729678.625000 9712123.000000
1695490.625000 9714659.000000
1683150.000000 9717065.000000
1821069.750000 9716351.000000
1939599.500000 9713047.000000
2095385.000000 9713908.000000
2290157.000000 9715619.000000
2634405.750000 9717098.000000
1435809.875000 9710145.000000
1596628.500000 9721778.000000
2560933.000000 9715553.000000
1833736.125000 9720539.000000
1775286.250000 9715640.000000
1732497.250000 9714296.000000
1699600.750000 9717012.000000
1680239.875000 9715951.000000
1818479.375000 9721444.000000
1939873.750000 9715363.000000
2096115.750000 9716544.000000
2287583.250000 9715414.000000
2638085.250000 9716741.000000
1434825.375000 9712939.000000
1593512.375000 9712431.000000
2562190.250000 9714294.000000
1834696.875000 9719005.000000
1773738.875000 9712801.000000
1731634.500000 9712623.000000
1696843.125000 9716567.000000
1680681.500000 9717792.000000
1817442.875000 9708591.000000
1941463.000000 9718828.000000
2092912.000000 9712742.000000
2291741.750000 9719102.000000
2637382.750000 9715915.000000
2305609.250000 9722777.000000
2279553.750000 9720121.000000
2251892.000000 9712599.000000
2239482.750000 9712733.000000
2258588.500000 9714815.000000
2395864.500000 9712302.000000
2550821.500000 9715563.000000
2745433.000000 9715291.000000
3089710.750000 9717509.000000
1500940.500000 9713092.000000
1673148.625000 9718087.000000
1833836.750000 9711713.000000
2810398.000000 9716684.000000
1939468.500000 9714698.000000
1910057.625000 9717567.000000
1880306.125000 9718984.000000
1860235.250000 9713645.000000
1874284.125000 9715398.000000
2012661.625000 9713462.000000
2171449.250000 9718609.000000
2367782.250000 9718556.000000
2721438.000000 9713084.000000
1501494.125000 9716870.000000
1674233.000000 9718483.000000
1836140.000000 9720641.000000
2811224.500000 9716625.000000
1939481.000000 9723215.000000
1912104.375000 9715469.000000
1878082.750000 9712271.000000
1859546.750000 9721537.000000
1875784.750000 9722653.000000
2013962.250000 9716083.000000
2170301.250000 9719607.000000
2368546.250000 9718245.000000
2720139.750000 9720146.000000
1500641.250000 9717024.000000
1673352.250000 9715902.000000
1836099.250000 9721317.000000
2813843.500000 9712636.000000
1941095.375000 9718788.000000
1908073.750000 9714207.000000
1878573.625000 9717452.000000
1858672.250000 9711442.000000
1874960.750000 9715777.000000
2012373.250000 9714198.000000
2170165.750000 9712553.000000
2367739.000000 9710707.000000
2722177.750000 9718686.000000
2437560.500000 9721102.000000
2422732.250000 9716202.000000
2411791.250000 9716386.000000
2426522.000000 9712790.000000
2448319.250000 9708077.000000
2620818.250000 9717218.000000
2819962.000000 9717999.000000
3041000.500000 9711850.000000
1425554.875000 9717381.000000
1601142.875000 9714557.000000
1774661.250000 9717009.000000
1940863.750000 9723367.000000
3068861.000000 9718052.000000
2081091.750000 9723626.000000
2062450.875000 9714893.000000
2044837.750000 9710889.000000
2057407.875000 9713921.000000
2078655.250000 9719005.000000
2247952.250000 9708081.000000
2451722.750000 9716445.000000
2674585.750000 9719634.000000
1424434.875000 9715967.000000
1601622.750000 9717675.000000
1776432.375000 9715967.000000
1938646.375000 9708700.000000
3070061.000000 9721538.000000
2077959.000000 9706538.000000
2059803.750000 9712361.000000
2043270.250000 9709480.000000
2059062.625000 9712468.000000
2072872.500000 9713608.000000
2251368.000000 9721253.000000
2449015.000000 9718368.000000
2673990.250000 9714394.000000
1425031.125000 9710516.000000
1601553.000000 9714418.000000
1773923.625000 9709053.000000
1934936.625000 9710774.000000
3069042.500000 9719660.000000
2079123.125000 9711432.000000
2065288.625000 9719059.000000
2044479.000000 9713720.000000
2058025.000000 9712900.000000
2078657.250000 9721419.000000
2248501.750000 9716598.000000
2449731.000000 9714283.000000
2676924.750000 9720138.000000
2586790.750000 9719046.000000
2587753.500000 9712372.000000
2610607.750000 9717390.000000
2635155.250000 9721069.000000
2691187.000000 9716441.000000
2904179.000000 9710423.000000
3147836.500000 9709523.000000
1384784.500000 9718060.000000
1554290.250000 9719859.000000
1731023.000000 9712306.000000
1911083.875000 9716906.000000
2080081.375000 9710524.000000
3343894.500000 9711382.000000
2240789.250000 9718763.000000
2238247.750000 9714937.000000
2260261.500000 9717229.000000
2270686.000000 9718375.000000
2322556.750000 9710597.000000
2546751.000000 9717619.000000
2790767.000000 9717048.000000
1386419.750000 9716618.000000
1553430.500000 9716560.000000
1731304.125000 9713530.000000
1910894.875000 9718663.000000
2076279.750000 9712154.000000
3346829.000000 9721663.000000
2239549.750000 9712628.000000
2237438.250000 9713878.000000
2258316.500000 9718366.000000
2273718.000000 9716279.000000
2322655.750000 9714541.000000
2546017.750000 9716039.000000
2791482.250000 9717867.000000
1387386.125000 9716427.000000
1555595.875000 9716983.000000
1731166.875000 9723500.000000
1909307.375000 9715774.000000
2078163.250000 9713618.000000
3344140.500000 9716315.000000
2237620.750000 9713199.000000
2241007.500000 9720824.000000
2255583.500000 9717242.000000
2272889.750000 9719447.000000
2326452.500000 9722793.000000
2546594.250000 9718237.000000
2791357.500000 9717039.000000
2765937.000000 9721325.000000
2805981.500000 9712624.000000
2824708.000000 9707680.000000
2885951.000000 9713939.000000
2990221.500000 9717888.000000
3256212.250000 9716562.000000
1476406.875000 9714628.000000
1526229.875000 9711213.000000
1696357.125000 9716357.000000
1880305.750000 9721133.000000
2063536.500000 9719770.000000
2239437.000000 9714629.000000
3653155.000000 9707924.000000
2427782.500000 9716122.000000
2461692.750000 9711822.000000
2480364.000000 9709170.000000
2535782.750000 9714456.000000
2637212.250000 9725553.000000
2909692.750000 9724380.000000
1475548.500000 9717251.000000
1525496.250000 9714549.000000
1695094.250000 9712207.000000
1877801.625000 9713472.000000
2062904.000000 9712142.000000
2242220.250000 9715699.000000
3655575.250000 9711755.000000
2425902.500000 9713962.000000
2461766.000000 9708755.000000
2480618.750000 9712293.000000
2535709.000000 9710356.000000
2636693.750000 9720433.000000
2908911.750000 9720372.000000
1476277.750000 9716864.000000
1524014.375000 9710740.000000
1696653.000000 9715237.000000
1880749.000000 9714084.000000
2060578.125000 9708139.000000
2239907.500000 9715221.000000
3656181.750000 9711461.000000
2427593.250000 9715108.000000
2466371.500000 9716539.000000
2479114.000000 9710879.000000
2537243.000000 9714779.000000
2635709.750000 9719508.000000
2906582.250000 9713623.000000
3006253.000000 9716751.000000
3033344.250000 9718261.000000
3090424.500000 9711475.000000
3200744.000000 9718127.000000
3354861.750000 9716865.000000
1562852.125000 9709792.000000
1630045.250000 9715281.000000
1682381.625000 9720039.000000
1860017.000000 9716768.000000
2046058.125000 9715262.000000
2239579.250000 9720255.000000
2426701.750000 9716302.000000
4002143.750000 9716467.000000
2686193.750000 9719457.000000
2700966.250000 9709615.000000
2760145.250000 9719067.000000
2862380.750000 9712593.000000
3016384.500000 9720711.000000
1564945.625000 9718813.000000
1629397.625000 9718488.000000
1680973.000000 9717290.000000
1856121.250000 9708205.000000
2048759.250000 9720568.000000
2236403.250000 9719081.000000
2428112.750000 9717658.000000
4001534.500000 9715298.000000
2683527.750000 9715223.000000
2703188.000000 9715303.000000
2758073.250000 9716821.000000
2864140.000000 9713536.000000
3015633.750000 9715246.000000
1564041.750000 9720135.000000
1628571.750000 9715631.000000
1680923.750000 9711074.000000
1860361.125000 9719027.000000
2047208.875000 9717478.000000
2238271.250000 9717749.000000
2426158.250000 9711168.000000
3999394.000000 9715981.000000
2685430.000000 9713331.000000
2703936.500000 9713156.000000
2759415.250000 9718784.000000
2864341.250000 9717394.000000
3013561.750000 9715542.000000
3288349.000000 9716823.000000
3352336.250000 9716157.000000
3462417.500000 9721701.000000
3615533.000000 9715914.000000
1685758.500000 9715097.000000
1749725.750000 9711724.000000
1819107.375000 9719082.000000
1874064.500000 9717277.000000
2058801.375000 9717965.000000
2257506.000000 9719225.000000
2465086.500000 9714697.000000
2681681.000000 9715678.000000
4393223.500000 9710929.000000
2983456.750000 9719275.000000
3042710.250000 9724241.000000
3147457.000000 9719421.000000
3298410.500000 9715992.000000
1684935.875000 9715800.000000
1751648.000000 9719255.000000
1818721.750000 9710552.000000
1876357.000000 9721434.000000
2059234.500000 9716589.000000
2256481.000000 9713034.000000
2463695.000000 9714684.000000
2685900.750000 9715165.000000
4394397.500000 9715450.000000
2983492.000000 9714838.000000
3039642.750000 9718794.000000
3144371.250000 9718850.000000
3301146.750000 9718134.000000
1684587.625000 9711736.000000
1752075.875000 9714779.000000
1819122.500000 9714073.000000
1872155.500000 9713372.000000
2060254.625000 9724703.000000
2257418.500000 9716546.000000
2466065.500000 9715673.000000
2682229.500000 9713135.000000
4395577.000000 9715119.000000
2983211.250000 9718464.000000
3037889.750000 9717218.000000
3148733.500000 9722814.000000
3296967.000000 9710451.000000
3462361.500000 9716563.000000
3576923.000000 9711688.000000
3744154.000000 9724248.000000
1805497.375000 9718645.000000
1869797.000000 9709723.000000
1940995.250000 9716676.000000
2013699.500000 9714955.000000
2075631.000000 9722064.000000
2272940.000000 9721819.000000
2481833.250000 9714601.000000
2702001.000000 9715721.000000
2982481.500000 9725301.000000
4778167.500000 9713581.000000
3161074.250000 9715776.000000
3270321.000000 9710759.000000
3428802.750000 9713306.000000
1803816.875000 9713284.000000
1869996.000000 9710732.000000
1939039.250000 9711630.000000
2013922.000000 9713614.000000
2077414.750000 9721901.000000
2270605.250000 9714671.000000
2480987.750000 9721402.000000
2702786.500000 9714083.000000
2984368.000000 9721525.000000
4780751.500000 9715887.000000
3160420.750000 9712587.000000
3273144.750000 9717810.000000
3425840.250000 9711323.000000
1803181.000000 9711114.000000
1874185.375000 9720518.000000
1939063.125000 9719857.000000
2014053.875000 9717655.000000
2075000.875000 9715276.000000
2272761.750000 9719273.000000
2477080.250000 9709194.000000
2703640.750000 9720275.000000
2981428.250000 9713731.000000
4779914.000000 9713657.000000
3161541.000000 9712960.000000
3266989.250000 9708350.000000
3431546.500000 9717895.000000
3712180.000000 9716542.000000
3877588.250000 9716386.000000
1956551.875000 9712732.000000
2026316.000000 9716552.000000
2093869.875000 9719070.000000
2168902.500000 9715235.000000
2248152.000000 9713434.000000
2323583.000000 9715038.000000
2537392.250000 9721993.000000
2761117.000000 9712242.000000
3038004.750000 9714438.000000
3161163.000000 9720240.000000
5199943.000000 9714091.000000
3413956.750000 9718500.000000
3574837.000000 9712511.000000
1955446.875000 9713872.000000
2025107.625000 9716733.000000
2094130.000000 9713459.000000
2169735.500000 9713698.000000
2251027.500000 9718747.000000
2322816.250000 9712232.000000
2533391.750000 9713794.000000
2763185.750000 9716088.000000
3042357.000000 9716971.000000
3160650.000000 9714236.000000
5206426.000000 9716739.000000
3414709.500000 9716960.000000
3576711.250000 9721612.000000
1956309.000000 9717918.000000
2020708.125000 9708334.000000
2096984.500000 9715215.000000
2173133.500000 9717581.000000
2250489.250000 9719655.000000
2325955.000000 9718785.000000
2531518.500000 9709500.000000
2757626.500000 9710783.000000
3036238.000000 9710365.000000
3159849.250000 9715337.000000
5204222.500000 9719513.000000
3414867.250000 9713597.000000
3576298.000000 9720567.000000
4029031.500000 9719054.000000
2146756.000000 9717942.000000
2215637.750000 9715371.000000
2288941.250000 9714108.000000
2368561.750000 9718764.000000
2449977.500000 9714459.000000
2545956.500000 9719289.000000
2634596.250000 9714627.000000
2862495.000000 9715420.000000
3144453.250000 9713967.000000
3271014.250000 9717120.000000
3417391.000000 9717243.000000
5656779.000000 9710468.000000
3740107.750000 9713966.000000
2146602.500000 9717398.000000
2218086.500000 9721800.000000
2288944.500000 9715358.000000
2371634.750000 9726395.000000
2449740.000000 9710128.000000
2546997.250000 9716309.000000
2633382.000000 9712415.000000
2862035.000000 9718144.000000
3143179.250000 9713517.000000
3271351.000000 9715758.000000
3417275.750000 9716122.000000
5660697.500000 9716978.000000
3739445.750000 9714938.000000
2149068.250000 9714438.000000
2217874.250000 9720342.000000
2291250.750000 9719435.000000
2367820.500000 9713895.000000
2449746.250000 9718155.000000
2547323.250000 9723480.000000
2637745.750000 9720639.000000
2862477.000000 9712172.000000
3145437.000000 9713620.000000
3268888.000000 9713283.000000
3412580.000000 9708513.000000
5661781.000000 9719222.000000
3747958.500000 9722443.000000
2471034.500000 9711979.000000
2557349.500000 9714943.000000
2639064.500000 9719841.000000
2721176.000000 9719521.000000
2675268.000000 9718921.000000
2791899.000000 9716762.000000
2900214.000000 9706270.000000
3017034.750000 9718411.000000
3296458.750000 9711143.000000
3428877.500000 9715231.000000
3575619.750000 9714463.000000
3740007.250000 9714164.000000
6199433.500000 9711725.000000
2471188.000000 9715715.000000
2557982.750000 9713106.000000
2638050.500000 9716445.000000
2718421.250000 9711837.000000
2673844.500000 9714450.000000
2789447.000000 9710952.000000
2905561.000000 9717038.000000
3014997.750000 9712182.000000
3299582.250000 9710699.000000
3428302.750000 9711696.000000
3576081.250000 9712814.000000
3745475.000000 9718667.000000
6201534.000000 9717451.000000
2471939.750000 9715640.000000
2556014.250000 9712358.000000
2635660.500000 9711897.000000
2717827.500000 9710722.000000
2673076.250000 9719315.000000
2791972.250000 9720382.000000
2904156.250000 9715566.000000
3014914.750000 9710266.000000
3298173.250000 9716377.000000
3428018.500000 9719938.000000
3576445.000000 9711346.000000
3744212.250000 9716422.000000
6203025.000000 9716417.000000
1764889.250000 9722374.000000
1836539.750000 9715328.000000
1896774.375000 9710725.000000
1827800.250000 9715775.000000
1793346.250000 9716431.000000
1880627.500000 9712937.000000
1969692.625000 9712290.000000
2087044.750000 9709898.000000
2206229.250000 9713936.000000
2356545.000000 9717151.000000
2545773.000000 9713007.000000
2860552.000000 9714104.000000
2137787.250000 9717679.000000
1356403.000000 9721730.000000
1436162.875000 9716607.000000
1499637.250000 9713931.000000
1426755.375000 9717838.000000
1386241.125000 9709947.000000
1476532.875000 9716062.000000
1565842.375000 9715200.000000
1685568.125000 9715934.000000
1803626.125000 9720634.000000
1955264.500000 9715193.000000
2144670.250000 9716864.000000
2473105.000000 9715669.000000
2134149.000000 9710006.000000
1358095.875000 9717398.000000
1435475.875000 9717379.000000
1501651.750000 9720656.000000
1425739.875000 9714017.000000
1387050.625000 9713416.000000
1474048.625000 9712945.000000
1562799.500000 9711116.000000
1685808.750000 9714126.000000
1803844.500000 9719058.000000
1955380.250000 9709627.000000
2149742.250000 9723274.000000
2470549.750000 9714400.000000
1982350.500000 9715689.000000
2057392.250000 9718293.000000
1990306.875000 9717876.000000
1952287.875000 9716251.000000
1927561.625000 9714113.000000
2027966.750000 9711375.000000
2147667.000000 9717377.000000
2264884.250000 9711574.000000
2419119.750000 9718978.000000
2611525.750000 9720804.000000
2938378.000000 9716623.000000
1356775.875000 9716692.000000
2339644.500000 9717538.000000
1591904.250000 9716880.000000
1674941.750000 9714762.000000
1597918.250000 9712661.000000
1554851.250000 9711244.000000
1524006.125000 9713215.000000
1630356.750000 9719312.000000
1748750.250000 9716097.000000
1873197.875000 9723160.000000
2022766.500000 9717166.000000
2218186.500000 9714220.000000
2558140.500000 9715484.000000
1358528.000000 9717775.000000
2335298.500000 9709962.000000
1594903.125000 9715754.000000
1673517.500000 9719203.000000
1601169.500000 9718646.000000
1555350.250000 9715649.000000
1524885.000000 9713229.000000
1630239.500000 9711438.000000
1748231.250000 9708992.000000
1870700.250000 9712961.000000
2024372.000000 9710700.000000
2214378.500000 9711664.000000
2559174.000000 9715786.000000
2204818.750000 9712975.000000
2151569.250000 9714626.000000
2112007.750000 9716998.000000
2085174.500000 9716832.000000
2073284.000000 9712244.000000
2208479.250000 9715559.000000
2332295.250000 9718703.000000
2482776.250000 9714088.000000
2674627.000000 9716247.000000
3011370.500000 9717554.000000
1436474.625000 9711844.000000
1595080.750000 9714330.000000
2556882.000000 9710348.000000
1834661.000000 9718982.000000
1773667.500000 9711591.000000
1730980.500000 9711062.000000
1697006.250000 9712476.000000
1681397.000000 9716276.000000
1819200.250000 9714606.000000
1941723.375000 9719296.000000
2093690.250000 9712459.000000
2288894.750000 9714497.000000
2637346.500000 9718995.000000
1435458.250000 9714216.000000
1593735.625000 9709217.000000
2562473.500000 9717049.000000
1834777.375000 9718583.000000
1773994.625000 9712108.000000
1732484.375000 9717824.000000
1694801.875000 9711530.000000
1682447.250000 9721644.000000
1819130.500000 9717804.000000
1940811.000000 9712477.000000
2095495.500000 9722810.000000
2291904.000000 9719177.000000
2637699.000000 9716749.000000
2301909.000000 9717839.000000
2277259.000000 9717859.000000
2254238.000000 9715527.000000
2239899.500000 9714105.000000
2258494.000000 9715821.000000
2394649.000000 9716669.000000
2548989.750000 9716164.000000
2747805.000000 9721030.000000
3086713.500000 9714192.000000
1499234.625000 9717535.000000
1672902.375000 9718446.000000
1834541.500000 9716382.000000
2810813.000000 9710309.000000
1939774.875000 9714220.000000
1910222.750000 9713813.000000
1877654.250000 9714436.000000
1858297.500000 9714297.000000
1873326.875000 9715171.000000
2012272.250000 9716918.000000
2169494.500000 9717056.000000
2366844.750000 9719987.000000
2720153.500000 9717076.000000
1498960.375000 9712525.000000
1672834.250000 9716720.000000
1835071.500000 9716780.000000
2813533.750000 9720307.000000
1938865.250000 9723099.000000
1910236.375000 9720858.000000
1879533.750000 9719058.000000
1857181.250000 9712960.000000
1875498.500000 9715127.000000
2010742.500000 9714686.000000
2168165.750000 9718478.000000
2369450.750000 9719609.000000
2721472.500000 9717489.000000
2436493.500000 9719568.000000
2421450.250000 9711970.000000
2412062.250000 9717760.000000
2429207.750000 9719411.000000
2452190.000000 9717075.000000
2623551.000000 9712959.000000
2821081.750000 9715692.000000
3040597.500000 9713283.000000
1423897.625000 9714327.000000
1599158.000000 9712912.000000
1774881.250000 9713839.000000
1937705.125000 9711267.000000
3066116.500000 9717920.000000
2078824.625000 9719025.000000
2061144.500000 9711931.000000
2043632.500000 9712601.000000
2057829.125000 9715266.000000
2073472.750000 9713987.000000
2247828.250000 9714404.000000
2452385.250000 9722108.000000
2673346.500000 9709691.000000
1425830.500000 9715362.000000
1599955.500000 9713963.000000
1771187.250000 9710143.000000
1940807.625000 9721807.000000
3067286.000000 9714152.000000
2080298.250000 9719528.000000
2062242.250000 9715071.000000
2046444.500000 9715055.000000
2058641.375000 9715229.000000
2076187.000000 9714103.000000
2252328.500000 9712154.000000
2450286.500000 9717671.000000
2675499.500000 9718224.000000
2587479.000000 9711818.000000
2590640.750000 9711009.000000
2613045.000000 9712033.000000
2632318.500000 9716919.000000
2693002.750000 9717803.000000
2908660.000000 9716433.000000
3149052.250000 9708401.000000
1386534.500000 9710825.000000
1551899.375000 9708865.000000
1731196.500000 9711253.000000
1910270.875000 9718588.000000
2081808.250000 9716542.000000
3348675.500000 9716968.000000
2242305.000000 9709927.000000
2239537.750000 9716210.000000
2254705.500000 9713752.000000
2274011.250000 9717207.000000
2321612.000000 9716313.000000
2544307.500000 9714259.000000
2791990.250000 9715278.000000
1383799.625000 9713093.000000
1555655.375000 9712294.000000
1730676.000000 9715427.000000
1909075.750000 9714368.000000
2080772.250000 9714615.000000
3346454.500000 9710796.000000
2241269.500000 9716057.000000
2236193.000000 9707851.000000
2257282.250000 9717369.000000
2270710.500000 9715849.000000
2322292.000000 9713349.000000
2545797.750000 9714655.000000
2792559.250000 9712766.000000
2766352.500000 9715377.000000
2806451.750000 9716953.000000
2829189.000000 9715865.000000
2885636.250000 9717135.000000
2989670.500000 9719065.000000
3254993.000000 9718025.000000
1475780.750000 9712744.000000
1524523.250000 9712267.000000
1699179.500000 9715812.000000
1879371.375000 9723720.000000
2063563.000000 9715630.000000
2239232.750000 9719541.000000
3655823.500000 9718439.000000
2428579.750000 9715107.000000
2466286.000000 9717121.000000
2483421.750000 9719314.000000
2534828.500000 9715169.000000
2637859.750000 9719932.000000
2903443.500000 9714307.000000
1476056.250000 9718390.000000
1523168.875000 9711192.000000
1697438.125000 9713369.000000
1879912.125000 9717236.000000
2061608.625000 9719690.000000
2240383.000000 9725484.000000
3658521.500000 9712365.000000
2425777.000000 9717397.000000
2465812.000000 9718736.000000
2481527.500000 9715977.000000
2535732.500000 9717016.000000
2633689.250000 9714195.000000
2903595.500000 9720400.000000
3009522.500000 9720631.000000
3030173.000000 9709584.000000
3092285.500000 9712500.000000
3201288.250000 9718006.000000
3354747.250000 9717479.000000
1565251.625000 9712978.000000
1628172.750000 9709667.000000
1681010.625000 9716741.000000
1860261.375000 9717081.000000
2045218.125000 9718750.000000
2238663.750000 9717245.000000
2425528.250000 9710536.000000
4000448.500000 9716890.000000
2684595.750000 9713062.000000
2704338.250000 9715978.000000
2758915.500000 9717479.000000
2864278.750000 9715168.000000
3017064.500000 9717466.000000
1565947.125000 9721976.000000
1626850.500000 9712052.000000
1680787.750000 9713409.000000
1856699.000000 9720301.000000
2046365.750000 9718518.000000
2238595.500000 9716281.000000
2425012.250000 9714021.000000
4005934.000000 9722262.000000
2681092.500000 9713924.000000
2705621.750000 9718823.000000
2758620.500000 9715070.000000
2859840.000000 9711535.000000
3012409.500000 9714435.000000
3287478.500000 9715139.000000
3353940.250000 9718022.000000
3460003.000000 9722196.000000
3617138.500000 9712063.000000
1684419.750000 9715987.000000
1751212.375000 9715579.000000
1819634.750000 9712882.000000
1876186.750000 9715528.000000
2058658.500000 9717548.000000
2258482.500000 9713658.000000
2465575.500000 9711834.000000
2685297.750000 9717433.000000
4398666.000000 9720067.000000
2981589.000000 9716418.000000
3038908.500000 9715893.000000
3141550.250000 9710289.000000
3300053.500000 9716000.000000
1683796.000000 9714440.000000
1750518.000000 9714327.000000
1817870.000000 9712277.000000
1877242.375000 9718701.000000
2059418.375000 9712993.000000
2255345.000000 9712731.000000
2464433.000000 9709058.000000
2679883.000000 9714744.000000
4397532.000000 9718542.000000
2979085.250000 9710909.000000
3041412.500000 9719600.000000
3144689.000000 9717004.000000
3300404.000000 9717617.000000
3460857.500000 9707302.000000
3576115.500000 9715632.000000
3742351.000000 9719675.000000
1805643.500000 9716484.000000
1871310.500000 9712443.000000
1939808.250000 9713595.000000
2013611.750000 9714719.000000
2072860.375000 9714253.000000
2274657.250000 9721507.000000
2481887.750000 9716517.000000
2704563.750000 9718843.000000
2979125.000000 9712593.000000
4779926.000000 9716162.000000
3158650.250000 9711891.000000
3269637.250000 9713980.000000
3431703.500000 9720035.000000
1802379.750000 9713028.000000
1872657.000000 9720263.000000
1940170.750000 9715463.000000
2015536.000000 9714525.000000
2074786.875000 9718399.000000
2269739.000000 9713316.000000
2479709.750000 9711361.000000
2702940.250000 9714243.000000
2981194.500000 9714352.000000
4779773.500000 9716385.000000
3160024.750000 9717793.000000
3269481.750000 9715854.000000
3431567.500000 9716468.000000
3709175.000000 9709259.000000
3873787.750000 9712792.000000
1955509.250000 9708551.000000
2025130.500000 9720954.000000
2092835.625000 9715538.000000
2169124.500000 9713342.000000
2251138.250000 9715374.000000
2322590.750000 9712188.000000
2535059.250000 9715104.000000
2760349.500000 9717160.000000
3040443.750000 9722224.000000
3159981.000000 9709999.000000
5200848.500000 9716151.000000
3413875.000000 9713688.000000
3576837.500000 9719041.000000
1954938.375000 9719297.000000
2026645.750000 9717916.000000
2095947.125000 9717039.000000
2172210.500000 9717114.000000
2251596.000000 9720523.000000
2324169.250000 9720513.000000
2534309.500000 9714402.000000
2759126.000000 9709982.000000
3038961.250000 9715753.000000
3158599.000000 9715257.000000
5197780.000000 9709205.000000
3414487.500000 9716966.000000
3576974.750000 9719121.000000
4027196.750000 9714811.000000
2145902.750000 9714789.000000
2218773.500000 9714742.000000
2291392.500000 9718856.000000
2367267.750000 9715441.000000
2445265.250000 9711301.000000
2548969.250000 9715022.000000
2637764.500000 9720088.000000
2861432.250000 9713163.000000
3143995.500000 9715875.000000
3267192.500000 9710066.000000
3411303.500000 9712374.000000
5661190.500000 9716243.000000
3744729.250000 9723450.000000
2145185.000000 9709156.000000
2219643.750000 9719205.000000
2288824.000000 9710584.000000
2366061.000000 9714452.000000
2449362.250000 9712146.000000
2543604.250000 9710113.000000
2632667.250000 9713542.000000
2862463.250000 9718354.000000
3148421.500000 9717402.000000
3267835.250000 9711946.000000
3414207.000000 9722119.000000
5660709.000000 9720423.000000
3741313.500000 9710462.000000
2473616.500000 9718777.000000
2557544.500000 9715467.000000
2638286.750000 9712048.000000
2721096.250000 9714847.000000
2672811.000000 9714582.000000
2791870.500000 9719988.000000
2904491.250000 9715463.000000
3014162.250000 9718266.000000
3296677.000000 9715552.000000
3431091.000000 9718746.000000
3574507.500000 9711270.000000
3742952.750000 9718941.000000
6202350.000000 9713654.000000
2475300.750000 9716696.000000
2557069.750000 9709755.000000
2637801.750000 9713915.000000
2720992.750000 9719082.000000
2675373.000000 9716133.000000
2792827.500000 9719508.000000
2907126.250000 9713667.000000
3014718.750000 9714998.000000
3298026.500000 9711775.000000
3429679.000000 9715793.000000
3578725.750000 9721554.000000
3740569.750000 9711530.000000
6197241.000000 9706315.000000
1765900.875000 9714832.000000
1835169.500000 9713566.000000
1898103.250000 9709157.000000
1828837.875000 9720890.000000
1794767.125000 9714257.000000
1883588.875000 9720270.000000
1968716.500000 9713921.000000
2084673.750000 9713939.000000
2206657.500000 9716302.000000
2357967.750000 9718412.000000
2545068.750000 9712382.000000
2861667.500000 9717402.000000
2140653.500000 9722250.000000
1355860.125000 9704432.000000
1434856.250000 9714252.000000
1501388.000000 9714611.000000
1425261.875000 9711652.000000
1384449.125000 9708849.000000
1474988.000000 9716720.000000
1563378.375000 9719855.000000
1684526.375000 9713573.000000
1802178.750000 9715625.000000
1952943.000000 9708095.000000
2145669.250000 9714840.000000
2472827.750000 9719123.000000
1981507.250000 9717366.000000
2059117.750000 9719732.000000
1989546.875000 9713259.000000
1951659.750000 9718190.000000
1924872.125000 9715322.000000
2028960.500000 9718885.000000
2148048.750000 9717667.000000
2268486.750000 9716611.000000
2418742.750000 9721322.000000
2606733.000000 9709745.000000
2937115.000000 9711230.000000
1358907.375000 9716166.000000
2334699.000000 9711111.000000
1595332.000000 9716653.000000
1671127.000000 9714088.000000
1600434.625000 9715607.000000
1555569.000000 9715915.000000
1522565.375000 9716656.000000
1629075.500000 9720281.000000
1752516.250000 9712058.000000
1871334.500000 9719126.000000
2024162.250000 9719550.000000
2216620.000000 9715739.000000
2553464.750000 9715356.000000
2205401.750000 9719612.000000
2151528.500000 9715061.000000
2111077.500000 9715156.000000
2084995.250000 9716229.000000
2073892.250000 9717381.000000
2208771.000000 9719693.000000
2332520.500000 9719733.000000
2480749.750000 9713561.000000
2672722.000000 9709782.000000
3009630.750000 9713292.000000
1433464.375000 9713198.000000
1593571.875000 9717106.000000
2561475.000000 9714841.000000
1832832.500000 9716987.000000
1774966.500000 9717832.000000
1731739.875000 9718038.000000
1695341.250000 9713889.000000
1680727.250000 9712317.000000
1816656.125000 9715243.000000
1939271.125000 9714483.000000
2095852.000000 9721238.000000
2287657.500000 9715300.000000
2635772.500000 9712391.000000
2302412.250000 9710871.000000
2279120.000000 9712387.000000
2252228.500000 9721536.000000
2239300.500000 9720860.000000
2260055.500000 9717073.000000
2394669.250000 9717462.000000
2550620.250000 9718767.000000
2745062.000000 9710512.000000
3085275.750000 9717803.000000
1501314.625000 9718690.000000
1675492.875000 9720790.000000
1832687.125000 9713025.000000
2815254.250000 9717988.000000
1936636.000000 9705603.000000
1910178.375000 9718588.000000
1876405.625000 9714913.000000
1858098.000000 9710496.000000
1873243.625000 9710263.000000
2016468.000000 9718709.000000
2171223.750000 9717655.000000
2367188.250000 9718812.000000
2718308.250000 9711782.000000
2436365.250000 9719541.000000
2423042.250000 9716935.000000
2411506.000000 9716805.000000
2426589.000000 9707345.000000
2450287.500000 9712732.000000
2624563.500000 9715405.000000
2821669.000000 9712104.000000
3041621.500000 9716717.000000
1425024.875000 9716170.000000
1599411.750000 9717113.000000
1776454.000000 9721742.000000
1936938.125000 9711481.000000
3070895.750000 9722046.000000
2080150.875000 9715424.000000
2064515.250000 9719505.000000
2046331.125000 9720210.000000
2057300.625000 9711743.000000
2076129.500000 9715687.000000
2248370.250000 9719548.000000
2451169.750000 9717224.000000
2672258.000000 9712537.000000
2587242.750000 9719150.000000
2589344.750000 9716200.000000
2611561.500000 9713895.000000
2635360.250000 9717255.000000
2692341.750000 9719632.000000
2907075.500000 9714522.000000
3149176.750000 9714027.000000
1385269.750000 9713527.000000
1556212.750000 9717776.000000
1731898.250000 9708314.000000
1910603.750000 9716309.000000
2078993.250000 9711311.000000
3345632.250000 9716048.000000
2242173.000000 9719224.000000
2235418.500000 9709852.000000
2256852.750000 9711759.000000
2272365.000000 9714361.000000
2323935.250000 9721876.000000
2544725.250000 9719128.000000
2791120.750000 9710380.000000
2768101.000000 9714974.000000
2807392.750000 9714720.000000
2829398.750000 9719496.000000
2885912.500000 9713299.000000
2987758.750000 9710741.000000
3256180.250000 9716765.000000
1475635.875000 9719525.000000
1526143.250000 9717503.000000
1698376.750000 9715467.000000
1881366.750000 9716485.000000
2058349.000000 9714263.000000
2239369.500000 9711696.000000
3655163.750000 9715185.000000
2428554.000000 9717264.000000
2464333.750000 9719765.000000
2482847.500000 9717244.000000
2536482.000000 9715187.000000
2635353.250000 9715969.000000
2903501.250000 9707912.000000
3008312.250000 9720168.000000
3034256.250000 9719574.000000
3094201.000000 9716604.000000
3199806.500000 9712802.000000
3355716.500000 9711889.000000
1564043.125000 9715062.000000
1630090.250000 9714652.000000
1680017.875000 9717961.000000
1859337.500000 9716143.000000
2046878.250000 9718227.000000
2236563.750000 9713763.000000
2427879.500000 9715188.000000
3999139.750000 9714591.000000
2683876.500000 9709071.000000
2700003.750000 9711469.000000
2759633.750000 9715140.000000
2862568.750000 9721790.000000
3017971.750000 9719165.000000
3287930.000000 9712048.000000
3352271.000000 9716886.000000
3464551.250000 9719700.000000
3615472.250000 9714377.000000
1685696.125000 9719747.000000
1753297.000000 9717833.000000
1821100.625000 9719682.000000
1874612.250000 9709817.000000
2061461.750000 9713921.000000
2256275.750000 9715683.000000
2465800.000000 9716220.000000
2684376.000000 9717398.000000
4394069.500000 9711302.000000
2980535.500000 9718088.000000
3039069.500000 9718169.000000
3146384.000000 9713743.000000
3299139.750000 9715387.000000
3465851.500000 9718064.000000
3575888.750000 9710810.000000
3741665.250000 9724246.000000
1804334.250000 9716636.000000
1872145.375000 9718893.000000
1939896.875000 9710937.000000
2014281.375000 9714582.000000
2075664.375000 9719717.000000
2271655.000000 9713027.000000
2482967.500000 9720505.000000
2705132.750000 9721310.000000
2980354.500000 9720446.000000
4784231.500000 9724768.000000
3163832.250000 9718802.000000
3271167.250000 9712762.000000
3428542.000000 9717139.000000
3709645.750000 9716198.000000
3876832.500000 9711845.000000
1953950.875000 9713830.000000
2024174.000000 9714872.000000
2097854.750000 9721244.000000
2172631.750000 9715771.000000
2252833.000000 9726792.000000
2322760.500000 9714785.000000
2534467.000000 9716361.000000
2758860.000000 9710303.000000
3038093.000000 9714531.000000
3160707.250000 9713983.000000
5203504.000000 9720669.000000
3416194.000000 9718082.000000
3574762.000000 9710526.000000
4029028.250000 9716439.000000
2146279.250000 9715367.000000
2219976.250000 9721053.000000
2292362.750000 9718664.000000
2368688.250000 9715375.000000
2453157.000000 9717419.000000
2542199.500000 9709568.000000
2637195.500000 9722964.000000
2862825.000000 9711957.000000
3145167.500000 9712779.000000
3268207.750000 9711280.000000
3414087.750000 9717028.000000
5660190.000000 9716692.000000
3743171.250000 9715972.000000
2469900.500000 9713587.000000
2559110.500000 9721475.000000
2636552.750000 9712838.000000
2717068.250000 9715169.000000
2675012.000000 9716420.000000
2789815.500000 9709267.000000
2906774.500000 9721588.000000
3013140.250000 9711136.000000
3301270.500000 9715224.000000
3429293.750000 9715329.000000
3576432.250000 9713157.000000
3739601.500000 9712954.000000
6200848.500000 9713199.000000
1762430.750000 9715283.000000
1833841.750000 9709929.000000
1896099.375000 9707670.000000
1830477.500000 9715151.000000
1792706.000000 9711487.000000
1884835.125000 9717780.000000
1969145.375000 9714772.000000
2087434.500000 9717241.000000
2205677.750000 9714846.000000
2356500.500000 9711910.000000
2545735.500000 9710920.000000
2861158.750000 9714299.000000
1983861.000000 9712596.000000
2058245.125000 9718534.000000
1991817.125000 9717016.000000
1950346.250000 9714982.000000
1926105.750000 9715104.000000
2028383.000000 9713633.000000
2150687.250000 9723431.000000
2269806.000000 9716509.000000
2419243.500000 9718478.000000
2609066.250000 9712989.000000
2939215.000000 9708236.000000
2204147.250000 9714271.000000
2150124.500000 9714968.000000
2114599.750000 9711576.000000
2084403.875000 9715388.000000
2075010.250000 9718210.000000
2209876.500000 9721538.000000
2329160.000000 9713107.000000
2482893.500000 9713795.000000
2675424.750000 9714583.000000
3010295.000000 9712605.000000
2303912.750000 9718169.000000
2278538.750000 9711582.000000
2250796.000000 9708009.000000
2237616.250000 9716506.000000
2258545.000000 9713296.000000
2394049.750000 9710016.000000
2550975.500000 9714544.000000
2744510.000000 9715441.000000
3083966.500000 9712605.000000
2436158.750000 9711693.000000
2421466.750000 9710603.000000
2411049.750000 9715945.000000
2426979.000000 9710722.000000
2450028.500000 9709798.000000
2622130.250000 9710543.000000
2819983.250000 9715325.000000
3040644.000000 9718180.000000
2587149.250000 9714716.000000
2589988.750000 9713821.000000
2611082.250000 9713117.000000
2633758.500000 9714499.000000
2691765.250000 9714049.000000
2906303.500000 9710809.000000
3152215.000000 9715442.000000
2764098.500000 9714196.000000
2802682.500000 9714178.000000
2828915.000000 9715774.000000
2887458.500000 9714115.000000
2986637.000000 9714060.000000
3255638.250000 9713697.000000
3005570.750000 9713039.000000
3031968.250000 9712899.000000
3099235.750000 9722700.000000
3201366.000000 9717006.000000
3353085.750000 9712119.000000
3286474.500000 9714348.000000
3351204.250000 9718245.000000
3459887.500000 9716563.000000
3618201.750000 9715058.000000
3467828.500000 9720406.000000
3578022.000000 9711991.000000
3742729.750000 9721895.000000
3710986.500000 9717273.000000
3872348.750000 9712204.000000
4024651.500000 9719295.000000
