1049460.375000 6990493.000000
1092334.125000 6982228.000000
1129387.125000 6990055.000000
1078218.375000 6989546.000000
1047241.937500 6988435.000000
1095611.625000 6989770.000000
1147801.625000 6986060.000000
1217651.250000 6987389.000000
1288086.875000 6986381.000000
1377768.000000 6987741.000000
1489578.125000 6993798.000000
1687282.375000 6986721.000000
1243579.250000 6987737.000000
759639.250000 6995228.000000
804252.625000 6987951.000000
843858.062500 6986140.000000
787028.875000 6991573.000000
752575.875000 6992401.000000
802402.187500 6987306.000000
850840.250000 6990404.000000
923910.437500 6989007.000000
989706.437500 6987743.000000
1078404.875000 6986825.000000
1191518.375000 6990426.000000
1386716.125000 6990003.000000
1243948.125000 6986897.000000
758887.750000 6987593.000000
807369.750000 6989685.000000
843662.937500 6988455.000000
785892.312500 6989334.000000
752328.187500 6989081.000000
800361.500000 6986099.000000
852628.187500 6987410.000000
922494.812500 6988926.000000
993098.625000 6998165.000000
1080144.500000 6994430.000000
1189772.750000 6985699.000000
1387959.625000 6989724.000000
1242958.000000 6984392.000000
758537.687500 6987281.000000
805945.750000 6989864.000000
844523.500000 6986614.000000
787249.562500 6988440.000000
753681.937500 6992220.000000
802091.000000 6992906.000000
853331.625000 6987405.000000
923735.812500 6986328.000000
992763.000000 6988564.000000
1078037.125000 6992474.000000
1190646.875000 6988849.000000
1386048.375000 6983990.000000
1184876.625000 6993203.000000
1233823.000000 6995097.000000
1179103.250000 6996539.000000
1146636.625000 6990584.000000
1122000.250000 6986307.000000
1179351.625000 6990745.000000
1252014.875000 6984033.000000
1323777.000000 6991559.000000
1410554.500000 6986515.000000
1526771.250000 6988756.000000
1729992.500000 6989428.000000
756391.312500 6987090.000000
1332690.250000 6986618.000000
904771.125000 6992278.000000
954410.250000 6990056.000000
896206.687500 6992868.000000
857870.750000 6994557.000000
830774.062500 6987379.000000
888237.062500 6991369.000000
963703.062500 6986542.000000
1029234.437500 6989960.000000
1117181.625000 6984320.000000
1231548.750000 6985354.000000
1438350.375000 6986121.000000
758409.687500 6991375.000000
1332964.625000 6987313.000000
903637.875000 6989686.000000
954045.937500 6985936.000000
896699.562500 6993270.000000
857974.687500 6989846.000000
830922.000000 6994114.000000
888640.687500 6986238.000000
961237.625000 6989998.000000
1028339.062500 6988618.000000
1116444.125000 6985635.000000
1229072.875000 6985183.000000
1437606.000000 6987786.000000
758941.812500 6988460.000000
1335395.000000 6989773.000000
903448.375000 6991544.000000
952863.312500 6985234.000000
897414.625000 6992760.000000
859010.250000 6988033.000000
830586.062500 6984333.000000
888265.812500 6988679.000000
963072.312500 6989839.000000
1031015.125000 6985231.000000
1116921.625000 6985942.000000
1231309.875000 6989181.000000
1439584.625000 6988081.000000
1321733.250000 6988284.000000
1281562.500000 6990859.000000
1249651.500000 6992888.000000
1219983.125000 6989350.000000
1206980.000000 6987556.000000
1286700.250000 6989683.000000
1356411.000000 6996035.000000
1447552.000000 6988992.000000
1562961.875000 6988099.000000
1772176.250000 6989623.000000
807068.687500 6989176.000000
903700.437500 6983075.000000
1443123.125000 6987585.000000
1053961.250000 6993996.000000
1008284.000000 6986873.000000
970514.750000 6987275.000000
939228.500000 6988597.000000
917668.562500 6984396.000000
1001398.437500 6993683.000000
1070136.250000 6994805.000000
1156048.875000 6988924.000000
1271696.875000 6983164.000000
1483899.375000 6985024.000000
806224.062500 6988602.000000
903347.062500 6988254.000000
1442988.875000 6986555.000000
1052636.625000 6991560.000000
1007824.875000 6986265.000000
972847.812500 6993437.000000
939034.937500 6985800.000000
918659.375000 6987456.000000
1000318.875000 6987977.000000
1070011.625000 6990222.000000
1160641.500000 6990153.000000
1271920.250000 6986251.000000
1488521.500000 6991254.000000
806577.625000 6987230.000000
902271.500000 6987696.000000
1443870.750000 6985531.000000
1053816.875000 6990349.000000
1010194.062500 6990367.000000
971926.000000 6991230.000000
938230.125000 6984930.000000
917967.750000 6988835.000000
1000461.750000 6988104.000000
1071075.625000 6986377.000000
1156573.750000 6989852.000000
1270417.250000 6986465.000000
1487649.375000 6990677.000000
1375196.375000 6987865.000000
1355577.625000 6988515.000000
1329746.250000 6988068.000000
1310322.375000 6990809.000000
1317460.625000 6990713.000000
1394300.500000 6986274.000000
1486020.750000 6986732.000000
1602272.625000 6985580.000000
1818594.500000 6990904.000000
843874.750000 6989833.000000
954504.437500 6983377.000000
1053798.875000 6988143.000000
1571363.875000 6990323.000000
1109507.125000 6988139.000000
1085479.875000 6988225.000000
1055195.000000 6986790.000000
1033520.312500 6990752.000000
1036151.500000 6985649.000000
1111248.500000 6988820.000000
1203012.500000 6993453.000000
1318150.625000 6986371.000000
1538099.000000 6991911.000000
844701.000000 6987148.000000
953624.812500 6989716.000000
1053558.250000 6992357.000000
1571637.875000 6988685.000000
1111102.125000 6989425.000000
1085602.625000 6988127.000000
1056972.625000 6986802.000000
1030871.125000 6991626.000000
1037297.687500 6993195.000000
1111148.875000 6991953.000000
1204412.250000 6993779.000000
1317306.125000 6988986.000000
1536970.625000 6992672.000000
842250.875000 6986404.000000
953120.562500 6990017.000000
1053206.875000 6985667.000000
1571709.875000 6991715.000000
1111325.000000 6987917.000000
1086428.625000 6993333.000000
1055325.875000 6989607.000000
1032311.687500 6987921.000000
1033749.875000 6985150.000000
1112115.000000 6994062.000000
1201594.125000 6987318.000000
1315832.000000 6983986.000000
1536773.250000 6990069.000000
1452163.000000 6995175.000000
1436464.500000 6987040.000000
1420645.500000 6986776.000000
1427295.375000 6989488.000000
1430157.125000 6991333.000000
1528692.000000 6989747.000000
1648408.000000 6992928.000000
1782546.125000 6989838.000000
787795.500000 6988395.000000
895302.375000 6990304.000000
1007026.437500 6990729.000000
1113025.875000 6990070.000000
1716429.375000 6987847.000000
1192704.875000 6987952.000000
1173560.500000 6994419.000000
1153779.625000 6992085.000000
1153766.250000 6991308.000000
1150340.125000 6993458.000000
1250872.375000 6989297.000000
1367968.125000 6992520.000000
1496302.375000 6986551.000000
787642.312500 6988353.000000
894758.750000 6987638.000000
1007963.375000 6991284.000000
1111455.875000 6987911.000000
1715411.500000 6986534.000000
1190988.000000 6984697.000000
1175988.750000 6994639.000000
1151475.125000 6985999.000000
1153231.375000 6994302.000000
1150271.375000 6989458.000000
1250503.625000 6988105.000000
1369500.375000 6992823.000000
1494709.125000 6983773.000000
786725.812500 6990262.000000
898941.562500 6987597.000000
1008753.062500 6991627.000000
1111388.750000 6990848.000000
1716633.375000 6988689.000000
1192063.875000 6985312.000000
1172545.875000 6985355.000000
1152474.875000 6988161.000000
1153048.000000 6985544.000000
1150059.375000 6990781.000000
1250803.375000 6990890.000000
1368041.875000 6994183.000000
1496784.125000 6991884.000000
1542521.375000 6989289.000000
1537970.500000 6991294.000000
1546721.625000 6986677.000000
1548095.750000 6992316.000000
1574727.125000 6988553.000000
1702897.750000 6989363.000000
1847008.250000 6995849.000000
752037.937500 6984129.000000
859678.812500 6990029.000000
972227.562500 6987626.000000
1086055.500000 6992468.000000
1193133.250000 6990052.000000
1876253.625000 6993250.000000
1287481.500000 6995852.000000
1279726.000000 6989327.000000
1285019.875000 6992348.000000
1278258.625000 6992383.000000
1298318.375000 6987973.000000
1428679.375000 6993085.000000
1569724.625000 6994199.000000
753218.875000 6987795.000000
858332.812500 6987316.000000
970790.937500 6986522.000000
1085149.750000 6991958.000000
1191424.875000 6989633.000000
1873919.250000 6989160.000000
1286468.000000 6985087.000000
1280682.625000 6988411.000000
1282659.750000 6991716.000000
1277134.125000 6989122.000000
1299246.000000 6992285.000000
1425731.750000 6985196.000000
1566959.625000 6986273.000000
752834.500000 6987102.000000
857673.062500 6988524.000000
971000.437500 6988557.000000
1087831.500000 6989854.000000
1192772.750000 6987947.000000
1877081.750000 6988886.000000
1287837.625000 6991573.000000
1279228.125000 6991278.000000
1282551.750000 6986402.000000
1275958.500000 6989246.000000
1297472.875000 6990380.000000
1429163.625000 6990176.000000
1568906.125000 6988130.000000
1651615.125000 6989632.000000
1676141.625000 6991470.000000
1676536.375000 6987681.000000
1701771.875000 6993251.000000
1755115.000000 6987658.000000
1910902.250000 6991282.000000
801056.375000 6986940.000000
828521.687500 6980365.000000
940090.000000 6989915.000000
1055258.875000 6988578.000000
1172350.000000 6993166.000000
1288223.250000 6987740.000000
2063248.875000 6988061.000000
1402241.000000 6989393.000000
1421783.000000 6986838.000000
1417138.625000 6985611.000000
1437881.125000 6985359.000000
1485812.750000 6986693.000000
1639254.250000 6989563.000000
800336.062500 6988271.000000
830080.125000 6989974.000000
938438.000000 6980360.000000
1055867.000000 6986887.000000
1172073.125000 6992260.000000
1286231.625000 6986743.000000
2064159.000000 6988018.000000
1402109.375000 6987342.000000
1420575.875000 6981050.000000
1418493.250000 6984553.000000
1437524.000000 6988547.000000
1488492.750000 6991782.000000
1641008.000000 6990868.000000
801425.437500 6989207.000000
830732.312500 6991494.000000
938620.125000 6987844.000000
1054485.625000 6991247.000000
1173142.625000 6994052.000000
1287760.250000 6988332.000000
2063256.125000 6987089.000000
1400807.500000 6986418.000000
1423340.375000 6990844.000000
1419088.875000 6988765.000000
1435977.500000 6982528.000000
1487458.375000 6991393.000000
1641103.875000 6987771.000000
1812811.875000 6988705.000000
1816671.500000 6988400.000000
1843967.875000 6988960.000000
1900103.500000 6988946.000000
1981702.250000 6990498.000000
853345.312500 6991569.000000
888464.500000 6989592.000000
917925.000000 6992524.000000
1032713.250000 6990446.000000
1153129.875000 6991928.000000
1279640.750000 6992900.000000
1401648.625000 6985757.000000
2279926.750000 6988914.000000
1572831.625000 6991554.000000
1570137.125000 6989800.000000
1591264.375000 6986720.000000
1642695.250000 6987231.000000
1716557.250000 6985469.000000
852710.187500 6988422.000000
888464.875000 6986955.000000
919147.000000 6985115.000000
1030173.125000 6988382.000000
1152435.875000 6989624.000000
1279247.125000 6989795.000000
1401786.375000 6987108.000000
2279667.000000 6989162.000000
1574024.125000 6990088.000000
1571692.000000 6989455.000000
1591558.125000 6989589.000000
1643101.250000 6987693.000000
1718083.500000 6987737.000000
852749.437500 6987597.000000
888345.000000 6986373.000000
920663.687500 6989346.000000
1030160.937500 6987508.000000
1151609.750000 6979998.000000
1278943.875000 6993707.000000
1403975.750000 6991153.000000
2281633.750000 6987769.000000
1571993.500000 6989934.000000
1570579.000000 6981691.000000
1589697.500000 6985621.000000
1642011.375000 6994047.000000
1716528.500000 6983994.000000
2001130.875000 6990205.000000
2029115.750000 6991565.000000
2086576.750000 6988103.000000
2169421.750000 6992070.000000
925570.125000 6990439.000000
963998.312500 6991575.000000
1001658.000000 6990082.000000
1035600.312500 6987461.000000
1152889.750000 6984402.000000
1281074.875000 6989328.000000
1421436.875000 6986713.000000
1570938.500000 6987012.000000
2543311.000000 6988772.000000
1768381.250000 6988398.000000
1794348.875000 6995686.000000
1843850.625000 6984498.000000
1918362.500000 6983505.000000
924916.937500 6989125.000000
960959.375000 6987939.000000
1000319.312500 6988861.000000
1033872.187500 6988006.000000
1153533.375000 6988600.000000
1282467.250000 6984119.000000
1423653.125000 6989074.000000
1573135.625000 6987367.000000
2543243.750000 6984264.000000
1769206.250000 6988697.000000
1792703.375000 6989125.000000
1844149.125000 6990456.000000
1920495.500000 6994134.000000
925545.250000 6984869.000000
963415.687500 6988830.000000
999760.250000 6987475.000000
1035745.562500 6986913.000000
1153398.250000 6991227.000000
1282309.625000 6986976.000000
1423144.125000 6996422.000000
1573949.625000 6992267.000000
2541539.500000 6985994.000000
1768845.750000 6989161.000000
1792196.875000 6987134.000000
1845355.750000 6988844.000000
1920004.375000 6990712.000000
2111297.500000 6990249.000000
2168914.750000 6988784.000000
2255019.250000 6989984.000000
990399.000000 6988629.000000
1029927.875000 6985464.000000
1069227.500000 6985570.000000
1111525.375000 6987775.000000
1150375.000000 6989274.000000
1277335.875000 6991724.000000
1419697.750000 6989331.000000
1569999.500000 6988034.000000
1769513.250000 6991981.000000
2815629.000000 6986240.000000
1879269.000000 6990040.000000
1937029.125000 6985970.000000
2015822.000000 6997816.000000
991234.437500 6982172.000000
1029666.812500 6989599.000000
1070712.250000 6991669.000000
1111492.375000 6987855.000000
1148060.000000 6984044.000000
1276948.375000 6986966.000000
1416925.375000 6985981.000000
1571745.375000 6994352.000000
1769865.125000 6988253.000000
2816661.750000 6989992.000000
1881273.250000 6990506.000000
1937270.500000 6988436.000000
2015694.625000 6988921.000000
991447.750000 6987170.000000
1029377.375000 6988013.000000
1070845.125000 6987932.000000
1111757.000000 6990645.000000
1149161.750000 6988822.000000
1278667.000000 6986513.000000
1419801.375000 6993356.000000
1571913.375000 6988783.000000
1769065.625000 6994172.000000
2817166.750000 6990997.000000
1879057.375000 6986908.000000
1936978.875000 6987053.000000
2012177.750000 6985565.000000
2270591.750000 6993545.000000
2356861.000000 6987745.000000
1078210.625000 6987266.000000
1117535.500000 6991990.000000
1158894.875000 6988864.000000
1200825.625000 6988048.000000
1248071.125000 6989818.000000
1297378.625000 6987785.000000
1438794.250000 6993320.000000
1592613.375000 6987889.000000
1792696.125000 6987214.000000
1880448.750000 6987274.000000
3128558.500000 6990739.000000
2043323.500000 6988799.000000
2126082.250000 6988019.000000
1078814.375000 6988690.000000
1118083.375000 6990094.000000
1159951.375000 6992457.000000
1201893.625000 6988229.000000
1250107.750000 6988792.000000
1297264.875000 6988845.000000
1440440.500000 6993845.000000
1592526.625000 6987075.000000
1792348.125000 6987133.000000
1879968.125000 6986835.000000
3128289.750000 6986759.000000
2045475.750000 6992159.000000
2127634.000000 6990955.000000
1078092.000000 6989756.000000
1118778.000000 6988298.000000
1157424.875000 6985738.000000
1201112.375000 6988195.000000
1251207.125000 6994958.000000
1298393.250000 6991929.000000
1436278.125000 6988714.000000
1591609.000000 6988523.000000
1792074.500000 6984824.000000
1879131.250000 6989257.000000
3124854.000000 6982581.000000
2045219.750000 6992044.000000
2125734.750000 6987959.000000
2477078.750000 6991750.000000
1190166.000000 6988973.000000
1231337.375000 6991266.000000
1273958.625000 6991933.000000
1316762.625000 6986752.000000
1367580.875000 6988489.000000
1429171.375000 6994648.000000
1488080.875000 6990583.000000
1640914.750000 6985482.000000
1846787.250000 6993088.000000
1938220.625000 6987661.000000
2045338.500000 6989049.000000
3480684.250000 6990915.000000
2258681.750000 6992134.000000
1189957.625000 6984898.000000
1230444.750000 6993935.000000
1273270.625000 6986244.000000
1317765.000000 6992651.000000
1369263.750000 6992022.000000
1426812.750000 6990312.000000
1485227.000000 6982493.000000
1643482.500000 6994476.000000
1844875.625000 6989294.000000
1935990.750000 6987855.000000
2045464.000000 6987988.000000
3478524.500000 6986352.000000
2255843.500000 6989776.000000
1190900.875000 6985925.000000
1229076.500000 6988065.000000
1272922.250000 6993972.000000
1316776.875000 6988041.000000
1368531.000000 6987032.000000
1428347.250000 6989232.000000
1488953.125000 6990982.000000
1643086.625000 6992257.000000
1845497.375000 6986421.000000
1932256.125000 6988217.000000
2045704.625000 6985652.000000
3478476.000000 6986739.000000
2257670.000000 6993901.000000
1387524.625000 6986675.000000
1439091.250000 6988321.000000
1487161.000000 6987990.000000
1536781.625000 6990605.000000
1497128.250000 6994409.000000
1568527.500000 6991048.000000
1642652.125000 6985421.000000
1716247.750000 6984882.000000
1918641.375000 6987462.000000
2013053.625000 6986217.000000
2124817.500000 6990409.000000
2253523.750000 6988107.000000
3906152.250000 6991568.000000
1388049.375000 6989597.000000
1439937.000000 6992120.000000
1485478.250000 6984595.000000
1536679.625000 6988829.000000
1494583.000000 6990495.000000
1569505.625000 6990992.000000
1641333.375000 6983739.000000
1716968.375000 6991589.000000
1919866.500000 6984668.000000
2011749.125000 6988058.000000
2125481.750000 6987587.000000
2258116.000000 6993263.000000
3905462.000000 6989123.000000
1387463.625000 6986269.000000
1441285.125000 6992170.000000
1485930.875000 6988765.000000
1536187.750000 6987605.000000
1494864.000000 6986099.000000
1569883.500000 6994435.000000
1640184.250000 6986952.000000
1716825.125000 6987397.000000
1921405.500000 6990879.000000
2015973.250000 6992377.000000
2126799.000000 6990617.000000
2258085.750000 6995212.000000
3902456.500000 6984418.000000
1050176.250000 6987857.000000
1095206.250000 6989351.000000
1130586.000000 6991882.000000
1078626.125000 6993585.000000
1049353.875000 6984349.000000
1095339.500000 6987400.000000
1148434.625000 6992691.000000
1221569.750000 6990120.000000
1287400.125000 6988278.000000
1376996.750000 6992752.000000
1488697.875000 6990994.000000
1685512.625000 6991527.000000
1245106.125000 6985511.000000
757978.125000 6983839.000000
807092.875000 6989388.000000
844298.812500 6989448.000000
786752.250000 6993201.000000
750717.500000 6987753.000000
800003.437500 6982150.000000
854010.750000 6989030.000000
923735.687500 6987497.000000
992616.500000 6993076.000000
1077819.000000 6990835.000000
1190281.750000 6986759.000000
1386019.250000 6988089.000000
1243534.500000 6993011.000000
757779.125000 6985735.000000
805264.937500 6986460.000000
844512.500000 6990916.000000
784973.187500 6992537.000000
752518.312500 6985894.000000
804412.437500 6990894.000000
852907.187500 6991347.000000
926200.187500 6992822.000000
990265.687500 6990738.000000
1077672.750000 6988039.000000
1190334.625000 6982956.000000
1386160.000000 6985045.000000
1183623.000000 6990254.000000
1231458.500000 6993779.000000
1181276.000000 6993555.000000
1145585.250000 6988613.000000
1121932.875000 6987768.000000
1179720.625000 6987619.000000
1253239.875000 6987793.000000
1323045.875000 6992617.000000
1410448.375000 6987630.000000
1526034.000000 6992441.000000
1731128.750000 6986111.000000
758702.437500 6991087.000000
1335546.000000 6989733.000000
902404.437500 6987348.000000
953772.250000 6985717.000000
896222.187500 6986698.000000
858232.500000 6989878.000000
830407.562500 6987548.000000
889139.312500 6988735.000000
961827.812500 6987245.000000
1030728.937500 6988039.000000
1117273.125000 6990918.000000
1232308.500000 6990367.000000
1443187.250000 6991973.000000
757465.437500 6991426.000000
1333411.500000 6984146.000000
904543.250000 6988102.000000
953788.812500 6988874.000000
897407.187500 6993189.000000
858185.187500 6986936.000000
831587.125000 6992083.000000
888924.250000 6990656.000000
962252.062500 6993732.000000
1029449.312500 6992921.000000
1116984.000000 6987964.000000
1231074.000000 6989100.000000
1440385.125000 6987032.000000
1322910.125000 6987862.000000
1281314.000000 6992472.000000
1249066.250000 6990855.000000
1221671.250000 6985857.000000
1208408.500000 6989951.000000
1288281.625000 6989686.000000
1356281.000000 6986975.000000
1446672.625000 6988378.000000
1563017.625000 6989054.000000
1774704.750000 6984559.000000
806509.625000 6985448.000000
903696.437500 6985355.000000
1442172.875000 6983314.000000
1051148.125000 6991709.000000
1009310.500000 6988998.000000
971359.875000 6987014.000000
937379.875000 6984895.000000
919906.937500 6988420.000000
1001291.437500 6987876.000000
1068461.500000 6994188.000000
1155508.500000 6984221.000000
1271905.250000 6993116.000000
1487332.250000 6989674.000000
806398.687500 6992387.000000
902183.750000 6983961.000000
1443654.500000 6988301.000000
1055123.250000 6992939.000000
1007046.000000 6986544.000000
969630.625000 6988447.000000
938528.375000 6987332.000000
919625.687500 6990845.000000
1001257.125000 6998083.000000
1068988.250000 6990117.000000
1159416.375000 6990113.000000
1273560.750000 6990027.000000
1486161.125000 6985636.000000
1376770.375000 6989903.000000
1354315.750000 6987182.000000
1329375.250000 6986201.000000
1310185.500000 6986577.000000
1319027.375000 6992483.000000
1394618.250000 6987132.000000
1486989.125000 6990973.000000
1604205.250000 6987147.000000
1816941.500000 6991315.000000
842981.625000 6985046.000000
953733.500000 6992576.000000
1053977.750000 6992713.000000
1572329.250000 6990387.000000
1111855.875000 6991430.000000
1086449.875000 6990579.000000
1055397.875000 6986887.000000
1032078.187500 6987432.000000
1036035.875000 6994303.000000
1112591.375000 6987691.000000
1202536.375000 6993906.000000
1318000.375000 6981804.000000
1535126.375000 6990015.000000
844052.812500 6989921.000000
951651.437500 6990376.000000
1053604.000000 6992240.000000
1570070.500000 6988293.000000
1109359.000000 6988015.000000
1086973.625000 6991948.000000
1054886.750000 6989156.000000
1032214.937500 6992790.000000
1036751.125000 6989938.000000
1113585.000000 6993902.000000
1202333.250000 6990008.000000
1319603.125000 6993073.000000
1536470.500000 6989020.000000
1454179.625000 6989281.000000
1438100.500000 6986878.000000
1421343.125000 6992742.000000
1427241.875000 6988674.000000
1431154.125000 6994523.000000
1527696.125000 6985134.000000
1648492.125000 6992578.000000
1779706.125000 6987407.000000
785237.812500 6988383.000000
896047.000000 6983109.000000
1009222.562500 6991264.000000
1111474.875000 6989762.000000
1717906.000000 6991694.000000
1192397.250000 6991563.000000
1173854.500000 6989920.000000
1152909.625000 6989065.000000
1150437.375000 6985457.000000
1151128.875000 6993449.000000
1250175.750000 6991364.000000
1368424.125000 6989509.000000
1493888.250000 6989713.000000
786576.375000 6987583.000000
897375.312500 6987098.000000
1008625.625000 6993886.000000
1111783.875000 6993865.000000
1715831.375000 6991669.000000
1192601.250000 6989709.000000
1172167.500000 6991754.000000
1151503.375000 6985793.000000
1152853.500000 6990650.000000
1149669.500000 6985702.000000
1249140.500000 6988516.000000
1368583.500000 6991189.000000
1494454.500000 6991768.000000
1542985.000000 6989106.000000
1539676.000000 6989940.000000
1546673.500000 6987529.000000
1546502.875000 6985184.000000
1572998.875000 6987457.000000
1703203.500000 6989121.000000
1845564.125000 6989059.000000
752069.937500 6988739.000000
857863.187500 6987395.000000
970904.437500 6991180.000000
1084067.625000 6988489.000000
1190449.375000 6985736.000000
1877154.875000 6992009.000000
1288147.125000 6988610.000000
1280783.750000 6988333.000000
1281402.375000 6990770.000000
1278804.250000 6989874.000000
1297481.125000 6992659.000000
1426352.875000 6989488.000000
1569942.375000 6984649.000000
752990.625000 6986797.000000
858036.000000 6986753.000000
970981.687500 6986268.000000
1086962.250000 6993116.000000
1190686.375000 6989261.000000
1872969.625000 6984399.000000
1286815.500000 6986872.000000
1278843.000000 6989990.000000
1283353.875000 6992411.000000
1277760.625000 6989089.000000
1299366.875000 6987155.000000
1427670.500000 6989017.000000
1567919.125000 6993418.000000
1653717.125000 6990181.000000
1674067.625000 6988799.000000
1680611.125000 6994430.000000
1703546.125000 6993583.000000
1756746.000000 6986295.000000
1914074.500000 6992408.000000
802081.687500 6987819.000000
829897.937500 6985337.000000
940401.187500 6988744.000000
1056496.375000 6991743.000000
1173827.000000 6987435.000000
1286575.625000 6991087.000000
2066063.125000 6992526.000000
1403217.875000 6986433.000000
1422919.750000 6985050.000000
1418140.250000 6987776.000000
1440389.000000 6997065.000000
1488149.750000 6996335.000000
1641397.125000 6991187.000000
801380.812500 6991409.000000
830971.125000 6986978.000000
939067.312500 6991273.000000
1055983.625000 6990492.000000
1173746.500000 6988484.000000
1289031.250000 6989138.000000
2064813.625000 6991369.000000
1400993.375000 6987685.000000
1422624.125000 6988027.000000
1420624.250000 6987933.000000
1436839.500000 6989827.000000
1484886.500000 6983376.000000
1642937.625000 6991584.000000
1813426.125000 6991912.000000
1818922.625000 6993516.000000
1844542.875000 6989794.000000
1899821.250000 6990309.000000
1981359.125000 6990425.000000
851250.062500 6991941.000000
888447.375000 6988022.000000
919638.437500 6991519.000000
1033149.312500 6988833.000000
1152861.000000 6986466.000000
1278660.125000 6991596.000000
1400232.000000 6987827.000000
2285473.250000 6994960.000000
1569157.000000 6985944.000000
1567795.125000 6984774.000000
1589788.500000 6988084.000000
1642456.625000 6988886.000000
1716063.250000 6989315.000000
852190.187500 6992803.000000
887090.437500 6984789.000000
919713.937500 6992446.000000
1031986.125000 6989085.000000
1150876.875000 6985972.000000
1278564.500000 6985579.000000
1402806.375000 6988074.000000
2281691.500000 6993479.000000
1571795.625000 6990176.000000
1570290.500000 6988694.000000
1591253.000000 6988288.000000
1642681.125000 6994934.000000
1719964.375000 6990750.000000
2001007.000000 6992347.000000
2028729.625000 6987608.000000
2087564.000000 6988363.000000
2168334.500000 6987370.000000
924615.125000 6992734.000000
962007.062500 6987784.000000
1000019.937500 6989762.000000
1034141.125000 6986326.000000
1152712.625000 6985821.000000
1279824.500000 6985527.000000
1424361.750000 6991288.000000
1574373.000000 6986320.000000
2543822.000000 6989234.000000
1768818.000000 6988871.000000
1792433.375000 6992605.000000
1844342.375000 6986631.000000
1921216.625000 6989425.000000
923991.125000 6989844.000000
964377.312500 6989286.000000
1002539.062500 6994580.000000
1034995.687500 6991457.000000
1149978.875000 6985200.000000
1280777.625000 6984937.000000
1421441.750000 6987609.000000
1572359.625000 6987175.000000
2542491.250000 6992843.000000
1768041.750000 6986739.000000
1792441.250000 6988763.000000
1844068.875000 6985106.000000
1917670.500000 6985846.000000
2109064.750000 6989631.000000
2166558.750000 6984367.000000
2254567.000000 6987424.000000
991011.312500 6989891.000000
1028570.500000 6988340.000000
1069104.625000 6988815.000000
1111928.750000 6992737.000000
1150653.375000 6989030.000000
1276733.125000 6987354.000000
1419290.000000 6986496.000000
1572579.375000 6992086.000000
1768301.625000 6986539.000000
2812997.500000 6986396.000000
1879550.750000 6991683.000000
1933090.375000 6988032.000000
2013956.750000 6988134.000000
992130.875000 6988029.000000
1029989.125000 6995588.000000
1067154.125000 6989188.000000
1110461.500000 6989416.000000
1151611.000000 6990665.000000
1276430.875000 6988957.000000
1419499.125000 6992045.000000
1569069.375000 6990303.000000
1768241.250000 6989725.000000
2813802.000000 6985832.000000
1879406.250000 6990417.000000
1937507.250000 6994572.000000
2013353.875000 6988666.000000
2270000.000000 6992323.000000
2354660.750000 6984916.000000
1078635.875000 6989365.000000
1117991.250000 6989015.000000
1157565.625000 6987469.000000
1201603.375000 6985635.000000
1251640.000000 6995603.000000
1297880.750000 6986173.000000
1437913.875000 6995506.000000
1590890.750000 6988571.000000
1792945.250000 6990644.000000
1879286.625000 6985112.000000
3128834.250000 6988195.000000
2045523.750000 6991374.000000
2124326.750000 6986998.000000
1079366.000000 6990547.000000
1117650.500000 6989396.000000
1158494.375000 6992875.000000
1200320.875000 6989524.000000
1249488.375000 6988736.000000
1298077.250000 6986318.000000
1437595.250000 6986638.000000
1590040.000000 6987878.000000
1792342.125000 6991149.000000
1881371.625000 6995017.000000
3127483.250000 6987652.000000
2046142.750000 6993409.000000
2124988.500000 6986769.000000
2473175.750000 6987896.000000
1191101.500000 6990146.000000
1231301.625000 6990821.000000
1271354.000000 6988206.000000
1318979.750000 6989690.000000
1367492.875000 6985759.000000
1427562.500000 6989424.000000
1487438.250000 6989875.000000
1639503.750000 6985796.000000
1846886.750000 6989899.000000
1932617.500000 6983677.000000
2043844.625000 6991364.000000
3483976.500000 6989860.000000
2254929.250000 6987405.000000
1191370.625000 6991129.000000
1230676.250000 6992840.000000
1272368.375000 6987389.000000
1318204.750000 6990314.000000
1366661.625000 6986710.000000
1427892.125000 6989782.000000
1486955.500000 6990617.000000
1640116.250000 6982488.000000
1845457.875000 6988767.000000
1936412.250000 6991330.000000
2042652.125000 6989103.000000
3480786.250000 6991020.000000
2251954.500000 6982362.000000
1389927.000000 6996369.000000
1438744.000000 6983858.000000
1486882.250000 6988498.000000
1538001.875000 6990842.000000
1497107.125000 6987528.000000
1569691.625000 6990549.000000
1640009.750000 6987431.000000
1717432.250000 6989822.000000
1920791.000000 6991803.000000
2014399.000000 6986421.000000
2125954.500000 6989201.000000
2259206.000000 6992092.000000
3906656.250000 6992358.000000
1388229.875000 6990744.000000
1438684.500000 6985817.000000
1486999.125000 6987989.000000
1537139.625000 6988544.000000
1493463.750000 6990829.000000
1569054.750000 6991544.000000
1640424.000000 6987068.000000
1716180.125000 6989462.000000
1922508.750000 6992864.000000
2014066.625000 6991029.000000
2125660.000000 6991217.000000
2254423.000000 6988620.000000
3904482.250000 6988383.000000
1047282.000000 6989574.000000
1094007.750000 6990933.000000
1128315.750000 6985773.000000
1076551.000000 6985744.000000
1045477.312500 6986885.000000
1095526.125000 6989060.000000
1147287.875000 6988669.000000
1218438.875000 6985279.000000
1289486.750000 6989386.000000
1374660.750000 6985747.000000
1487133.125000 6988145.000000
1684889.125000 6991164.000000
1244184.125000 6987523.000000
758433.312500 6993885.000000
805500.875000 6987744.000000
843028.375000 6984535.000000
786192.187500 6985587.000000
751409.000000 6985940.000000
800085.875000 6988155.000000
852575.750000 6987675.000000
925364.812500 6994741.000000
990170.125000 6986577.000000
1080438.625000 6990724.000000
1193193.375000 6992356.000000
1388120.250000 6991518.000000
1184391.375000 6989933.000000
1228995.000000 6991981.000000
1177871.125000 6986540.000000
1146583.000000 6990649.000000
1122183.375000 6988787.000000
1179195.125000 6987482.000000
1255187.125000 6988489.000000
1322395.375000 6990783.000000
1409829.125000 6987316.000000
1524599.750000 6984298.000000
1732253.500000 6987638.000000
759025.375000 6990745.000000
1334437.000000 6988150.000000
904511.687500 6988156.000000
951478.375000 6988457.000000
898217.500000 6992324.000000
857485.000000 6989893.000000
832823.500000 6995588.000000
887936.937500 6990182.000000
960882.625000 6988702.000000
1029372.375000 6990060.000000
1118250.500000 6994093.000000
1230530.500000 6988956.000000
1440028.750000 6985697.000000
1322696.500000 6989207.000000
1280910.000000 6987897.000000
1248584.375000 6989830.000000
1221587.000000 6991853.000000
1208951.125000 6993327.000000
1288512.875000 6988513.000000
1357918.000000 6993158.000000
1446754.000000 6989308.000000
1562623.750000 6995702.000000
1772753.250000 6989395.000000
805148.437500 6988395.000000
904740.750000 6990099.000000
1443795.500000 6987677.000000
1053529.250000 6988539.000000
1007110.625000 6988444.000000
970222.750000 6992860.000000
939821.562500 6988855.000000
919955.687500 6989222.000000
1000141.875000 6989680.000000
1068579.500000 6986422.000000
1158654.125000 6992682.000000
1272850.250000 6991522.000000
1489038.125000 6995818.000000
1376947.375000 6988997.000000
1353293.250000 6987932.000000
1330411.125000 6990824.000000
1309386.125000 6985787.000000
1316889.000000 6987208.000000
1396511.250000 6992170.000000
1486831.125000 6985471.000000
1602727.000000 6990063.000000
1814195.250000 6986067.000000
842940.562500 6982439.000000
953320.125000 6987747.000000
1054127.875000 6985174.000000
1574253.875000 6985905.000000
1111819.625000 6987900.000000
1085778.625000 6989547.000000
1056872.875000 6987501.000000
1032247.375000 6987666.000000
1035272.437500 6992229.000000
1112330.375000 6989099.000000
1203194.625000 6988223.000000
1319107.125000 6993173.000000
1538773.750000 6994004.000000
1451750.875000 6988102.000000
1439301.250000 6994607.000000
1421683.375000 6991872.000000
1426630.500000 6992206.000000
1431508.875000 6992455.000000
1531688.750000 6992379.000000
1649760.750000 6986784.000000
1778293.125000 6988002.000000
787265.875000 6988924.000000
897775.312500 6986940.000000
1009949.937500 6989456.000000
1112973.125000 6994176.000000
1715257.875000 6984851.000000
1189774.750000 6985096.000000
1172552.625000 6992182.000000
1153445.500000 6984869.000000
1152930.250000 6992414.000000
1148968.250000 6986943.000000
1248332.250000 6990039.000000
1366833.625000 6989416.000000
1497701.500000 6991466.000000
1543410.500000 6988615.000000
1537571.625000 6987027.000000
1546426.625000 6987652.000000
1547015.375000 6986053.000000
1571996.750000 6988197.000000
1703541.500000 6988447.000000
1843777.500000 6984533.000000
753977.625000 6987856.000000
858182.250000 6996130.000000
971168.687500 6993588.000000
1086468.625000 6992103.000000
1192522.875000 6988624.000000
1874776.250000 6986092.000000
1287152.500000 6986432.000000
1280454.000000 6988196.000000
1281346.500000 6984748.000000
1279688.250000 6990330.000000
1297319.125000 6991139.000000
1425384.500000 6989013.000000
1568230.625000 6985779.000000
1651873.625000 6990843.000000
1675382.750000 6989009.000000
1676859.000000 6989949.000000
1701819.250000 6990986.000000
1755350.375000 6988086.000000
1911261.375000 6987851.000000
801535.250000 6991652.000000
830326.750000 6986387.000000
937354.312500 6988957.000000
1057985.750000 6988352.000000
1172744.125000 6987678.000000
1286126.125000 6986847.000000
2064960.500000 6988028.000000
1400888.125000 6984518.000000
1421780.500000 6988469.000000
1421931.250000 6984760.000000
1437730.500000 6988811.000000
1486859.375000 6989449.000000
1642368.000000 6990474.000000
1812679.875000 6988005.000000
1815094.000000 6983979.000000
1845733.375000 6987885.000000
1897817.250000 6986874.000000
1982421.000000 6988860.000000
851518.625000 6988329.000000
887999.875000 6987971.000000
918655.562500 6987586.000000
1032190.687500 6989460.000000
1151893.125000 6986396.000000
1279371.125000 6989002.000000
1403502.500000 6990099.000000
2280529.500000 6987951.000000
1574814.375000 6994847.000000
1570206.250000 6987071.000000
1591779.875000 6993108.000000
1645081.500000 6993920.000000
1718158.875000 6987836.000000
1998833.000000 6987830.000000
2027905.250000 6988070.000000
2085169.750000 6989625.000000
2171195.750000 6992336.000000
923409.375000 6987211.000000
961231.125000 6984462.000000
1001857.187500 6992663.000000
1033907.500000 6988436.000000
1151458.500000 6981192.000000
1283698.375000 6983106.000000
1423586.375000 6994027.000000
1571713.750000 6989914.000000
2542349.500000 6987162.000000
1771809.000000 6991534.000000
1792353.375000 6984792.000000
1845445.375000 6989267.000000
1919737.375000 6992196.000000
2112630.750000 6994269.000000
2169810.500000 6989639.000000
2256838.750000 6989665.000000
991576.812500 6993976.000000
1029918.687500 6990578.000000
1065954.875000 6981889.000000
1111791.000000 6992878.000000
1149122.875000 6987024.000000
1278054.375000 6987325.000000
1419801.875000 6991209.000000
1570185.875000 6990163.000000
1769523.875000 6992110.000000
2815659.750000 6986724.000000
1881377.375000 6994349.000000
1934273.500000 6986674.000000
2016379.500000 6993935.000000
2269359.000000 6990890.000000
2352716.000000 6984206.000000
1079132.875000 6992080.000000
1116085.375000 6990944.000000
1156247.750000 6989045.000000
1203525.125000 6990043.000000
1250693.500000 6987860.000000
1298231.625000 6984582.000000
1437716.250000 6992287.000000
1592756.250000 6988696.000000
1789317.375000 6986862.000000
1880194.000000 6987797.000000
3127930.750000 6989824.000000
2043415.250000 6989196.000000
2125389.500000 6984981.000000
2477223.000000 6988539.000000
1189855.375000 6990840.000000
1229461.625000 6989687.000000
1271342.750000 6987142.000000
1319350.000000 6988777.000000
1368390.250000 6987688.000000
1426441.625000 6986591.000000
1487744.750000 6990482.000000
1644711.750000 6994489.000000
1843856.500000 6987218.000000
1936093.750000 6988172.000000
2042261.000000 6987055.000000
3482346.500000 6993537.000000
2255839.500000 6993315.000000
1387031.250000 6987093.000000
1439053.750000 6991164.000000
1486667.750000 6992399.000000
1535498.625000 6988419.000000
1494892.125000 6986364.000000
1566841.625000 6986267.000000
1643819.125000 6988576.000000
1717161.625000 6988871.000000
1921537.625000 6994700.000000
2015213.875000 6987275.000000
2125812.000000 6988809.000000
2256759.750000 6993496.000000
3904883.750000 6991925.000000
1049211.500000 6986554.000000
1094558.000000 6994551.000000
1129342.875000 6990816.000000
1076739.125000 6987100.000000
1048120.125000 6990846.000000
1098250.625000 6992406.000000
1147149.250000 6985491.000000
1219615.250000 6990156.000000
1287304.000000 6989751.000000
1376667.375000 6989407.000000
1489266.125000 6990986.000000
1683363.875000 6989028.000000
1185162.000000 6993399.000000
1229359.250000 6987727.000000
1179213.125000 6985005.000000
1145625.750000 6986733.000000
1121702.250000 6987575.000000
1180893.250000 6992133.000000
1254167.250000 6990911.000000
1322982.125000 6990959.000000
1410039.125000 6989051.000000
1527196.125000 6992814.000000
1731004.000000 6990802.000000
1324155.625000 6989794.000000
1281835.875000 6990412.000000
1248712.875000 6989139.000000
1219403.625000 6986478.000000
1206685.125000 6986324.000000
1287415.125000 6990052.000000
1356839.125000 6988598.000000
1446614.500000 6984615.000000
1565845.625000 6988086.000000
1773324.500000 6988340.000000
1375133.625000 6985244.000000
1355047.500000 6988619.000000
1327769.750000 6990931.000000
1313025.500000 6991219.000000
1315842.250000 6989627.000000
1395469.000000 6989567.000000
1487654.250000 6988327.000000
1603676.750000 6987862.000000
1819178.250000 6991120.000000
1452969.625000 6985398.000000
1436780.125000 6987886.000000
1421297.625000 6987456.000000
1424942.250000 6989156.000000
1432652.875000 6987000.000000
1531754.750000 6990499.000000
1649772.750000 6988849.000000
1778196.000000 6987908.000000
1542366.000000 6988636.000000
1537491.875000 6988845.000000
1547782.125000 6991067.000000
1548732.250000 6990889.000000
1573759.375000 6989104.000000
1703625.375000 6987523.000000
1843904.125000 6988948.000000
1653590.625000 6990510.000000
1677793.125000 6991647.000000
1680892.500000 6991237.000000
1702185.125000 6989832.000000
1757306.250000 6982673.000000
1911598.125000 6992321.000000
1811486.500000 6989282.000000
1817278.875000 6987531.000000
1845381.875000 6990048.000000
1900606.750000 6985943.000000
1980631.750000 6988117.000000
2000150.125000 6985465.000000
2028937.125000 6985560.000000
2089367.750000 6992615.000000
2166852.250000 6987736.000000
2107316.000000 6989152.000000
2168616.250000 6987845.000000
2253522.500000 6989265.000000
2268078.750000 6984304.000000
2353082.250000 6984797.000000
2476367.000000 6987070.000000
