1686632.250000 7075947.000000
1743914.250000 7071758.000000
1799167.000000 7071989.000000
1755425.625000 7070281.000000
1737773.000000 7073359.000000
1825721.500000 7069418.000000
1910860.750000 7059422.000000
2023523.500000 7069335.000000
2145460.000000 7070709.000000
2289915.750000 7067106.000000
2466228.750000 7069961.000000
2741672.750000 7069851.000000
2167177.000000 7063050.000000
1397572.000000 7073435.000000
1462018.750000 7072130.000000
1518102.875000 7061932.000000
1468216.250000 7065639.000000
1448291.625000 7064905.000000
1541250.500000 7070444.000000
1632148.000000 7067751.000000
1750866.125000 7071178.000000
1872713.000000 7070664.000000
2022633.875000 7069459.000000
2204380.250000 7070532.000000
2491983.000000 7068028.000000
2173413.750000 7074814.000000
1396367.000000 7065183.000000
1461402.750000 7069311.000000
1519265.875000 7069591.000000
1468719.750000 7070641.000000
1447854.250000 7068086.000000
1540895.000000 7071027.000000
1632671.875000 7067473.000000
1751383.500000 7073899.000000
1871002.875000 7064748.000000
2021029.750000 7067957.000000
2204728.000000 7067330.000000
2495222.500000 7072481.000000
2170411.000000 7067859.000000
1396453.500000 7066018.000000
1461315.000000 7073287.000000
1518562.250000 7069010.000000
1468543.000000 7068480.000000
1449391.625000 7065428.000000
1540069.500000 7072672.000000
1628196.500000 7062196.000000
1747395.000000 7061679.000000
1871624.500000 7069015.000000
2026191.625000 7070044.000000
2207144.500000 7070542.000000
2492715.500000 7064605.000000
1866924.375000 7066708.000000
1927827.125000 7070824.000000
1887012.500000 7070205.000000
1866963.500000 7068917.000000
1862671.750000 7069012.000000
1967815.125000 7075303.000000
2078175.875000 7060911.000000
2198841.000000 7065517.000000
2345008.000000 7067933.000000
2525610.250000 7071693.000000
2806277.500000 7070050.000000
1395929.000000 7066867.000000
2381163.000000 7066371.000000
1594066.000000 7066357.000000
1659564.875000 7070850.000000
1610373.750000 7069655.000000
1590300.000000 7070445.000000
1581420.500000 7064500.000000
1689786.625000 7063783.000000
1806238.875000 7065465.000000
1934369.250000 7075531.000000
2084387.750000 7066487.000000
2267404.500000 7069772.000000
2559318.500000 7062046.000000
1398301.750000 7073088.000000
2380250.750000 7067410.000000
1597031.500000 7070040.000000
1658189.125000 7071513.000000
1610471.250000 7072032.000000
1587133.375000 7064831.000000
1582675.625000 7071405.000000
1690633.750000 7067869.000000
1811032.375000 7071726.000000
1933208.250000 7069999.000000
2086806.750000 7072486.000000
2267414.500000 7067739.000000
2558844.250000 7062794.000000
1399193.750000 7070295.000000
2381517.000000 7071480.000000
1596745.500000 7073531.000000
1658968.500000 7073196.000000
1611200.250000 7072077.000000
1587453.500000 7066484.000000
1580970.625000 7068456.000000
1690462.000000 7071291.000000
1809223.750000 7071173.000000
1931911.750000 7067222.000000
2087268.000000 7067906.000000
2269183.250000 7069417.000000
2560727.750000 7066012.000000
2051730.250000 7061484.000000
2014212.000000 7069622.000000
2000016.125000 7073745.000000
1989667.750000 7066071.000000
2005065.500000 7068200.000000
2135734.250000 7071394.000000
2254774.500000 7063926.000000
2401796.000000 7067211.000000
2580566.000000 7072712.000000
2863095.500000 7066631.000000
1459280.625000 7063659.000000
1593544.750000 7064921.000000
2601184.500000 7067948.000000
1791464.500000 7065783.000000
1750701.125000 7072320.000000
1732006.625000 7069040.000000
1722089.750000 7068767.000000
1734343.500000 7068464.000000
1868439.375000 7069857.000000
1993603.500000 7068898.000000
2147892.000000 7070755.000000
2330504.500000 7069571.000000
2628159.000000 7071354.000000
1460807.500000 7070176.000000
1594112.250000 7068428.000000
2599530.000000 7061549.000000
1789304.000000 7068455.000000
1750569.375000 7070335.000000
1730265.000000 7070772.000000
1721449.000000 7066157.000000
1736336.250000 7072377.000000
1864809.750000 7066515.000000
1994482.250000 7071380.000000
2146152.750000 7069294.000000
2331989.750000 7066679.000000
2630205.250000 7073331.000000
1462528.000000 7067864.000000
1594831.500000 7067746.000000
2602755.250000 7071331.000000
1793531.000000 7072400.000000
1751077.250000 7070693.000000
1732488.750000 7070250.000000
1724769.375000 7073908.000000
1736255.000000 7074461.000000
1866866.250000 7067016.000000
1994707.250000 7075342.000000
2146439.500000 7072464.000000
2330667.250000 7067466.000000
2626754.000000 7068470.000000
2139772.750000 7068805.000000
2128891.250000 7071441.000000
2124251.500000 7067282.000000
2136239.750000 7063562.000000
2172289.750000 7070090.000000
2313608.500000 7068347.000000
2464704.750000 7070734.000000
2640375.000000 7063498.000000
2931384.500000 7069797.000000
1519449.500000 7068919.000000
1658282.375000 7073701.000000
1792222.500000 7072560.000000
2835981.500000 7073477.000000
1884918.500000 7070594.000000
1873878.750000 7066055.000000
1866827.500000 7067983.000000
1875597.250000 7069188.000000
1916358.750000 7069376.000000
2056368.750000 7065984.000000
2211138.750000 7066900.000000
2400105.500000 7067810.000000
2698882.750000 7069720.000000
1519752.000000 7070308.000000
1658665.500000 7076073.000000
1791428.000000 7071779.000000
2832774.750000 7065399.000000
1884350.000000 7073145.000000
1872127.250000 7071785.000000
1865720.625000 7067140.000000
1876778.000000 7067311.000000
1916585.500000 7071689.000000
2059224.000000 7070199.000000
2212198.750000 7069902.000000
2401892.750000 7072597.000000
2699655.750000 7074408.000000
1518452.000000 7069414.000000
1657327.000000 7071460.000000
1793094.000000 7072983.000000
2835669.250000 7070173.000000
1884176.250000 7066805.000000
1871483.625000 7073354.000000
1866124.750000 7068169.000000
1879766.000000 7071029.000000
1915439.125000 7068737.000000
2058012.000000 7070996.000000
2209844.750000 7068377.000000
2397278.000000 7065159.000000
2700165.750000 7069234.000000
2258600.500000 7069558.000000
2259316.250000 7067712.000000
2269012.750000 7068787.000000
2308626.500000 7067905.000000
2360667.750000 7077290.000000
2525169.250000 7067783.000000
2707755.750000 7071548.000000
2911164.500000 7070700.000000
1469852.500000 7073429.000000
1608906.500000 7070569.000000
1749273.375000 7065351.000000
1887476.000000 7073969.000000
3058136.250000 7070605.000000
2007733.000000 7070846.000000
2010424.000000 7072476.000000
2019003.375000 7066389.000000
2058537.000000 7071521.000000
2106970.750000 7068281.000000
2280984.000000 7069834.000000
2469376.750000 7071415.000000
2678165.500000 7066578.000000
1470367.250000 7067434.000000
1609609.750000 7067556.000000
1750286.000000 7070581.000000
1884807.250000 7069781.000000
3055686.500000 7065388.000000
2007231.750000 7063404.000000
2009051.875000 7068233.000000
2021435.250000 7068762.000000
2057460.250000 7068711.000000
2106622.000000 7073995.000000
2277951.750000 7071847.000000
2468811.250000 7068064.000000
2681368.250000 7073485.000000
1468372.375000 7065396.000000
1611562.500000 7070077.000000
1751144.625000 7064585.000000
1884276.750000 7072722.000000
3056282.500000 7070579.000000
2008156.000000 7067572.000000
2009694.875000 7071029.000000
2017912.250000 7061903.000000
2059662.750000 7068764.000000
2107605.250000 7071948.000000
2280886.000000 7072253.000000
2466525.250000 7069103.000000
2682471.250000 7071602.000000
2391202.250000 7071070.000000
2409991.750000 7071116.000000
2451542.500000 7069032.000000
2499242.000000 7069049.000000
2577699.750000 7070996.000000
2774369.250000 7070275.000000
2998124.750000 7070786.000000
1449487.000000 7069564.000000
1590722.250000 7075546.000000
1730369.750000 7070077.000000
1871520.000000 7070802.000000
2007878.750000 7068944.000000
3287740.500000 7069622.000000
2151644.750000 7070640.000000
2168338.250000 7071380.000000
2204713.000000 7066781.000000
2256550.250000 7072911.000000
2335164.500000 7064511.000000
2541338.000000 7071072.000000
2778071.500000 7077823.000000
1449308.250000 7069661.000000
1588678.750000 7063453.000000
1730586.500000 7067176.000000
1871470.750000 7063436.000000
2007971.000000 7066093.000000
3289475.500000 7071412.000000
2150347.250000 7071077.000000
2163499.000000 7060446.000000
2207743.250000 7068942.000000
2255435.750000 7064801.000000
2337073.750000 7068500.000000
2539409.250000 7066040.000000
2771608.250000 7066846.000000
1449206.750000 7068798.000000
1588761.875000 7070332.000000
1729570.250000 7066630.000000
1874967.875000 7072995.000000
2008776.750000 7069783.000000
3286493.500000 7066427.000000
2149631.000000 7077498.000000
2167160.000000 7071948.000000
2205985.000000 7066407.000000
2258578.000000 7070435.000000
2336750.500000 7075590.000000
2540047.250000 7068952.000000
2773793.500000 7069277.000000
2543750.000000 7068185.000000
2591577.750000 7067558.000000
2643135.500000 7069083.000000
2725655.750000 7071833.000000
2838567.500000 7067600.000000
3077345.500000 7067951.000000
1539616.000000 7061974.000000
1583489.625000 7069803.000000
1721633.625000 7066585.000000
1867914.125000 7072533.000000
2009996.250000 7068195.000000
2150199.500000 7071181.000000
3532955.000000 7064487.000000
2312670.000000 7072809.000000
2360413.500000 7067947.000000
2412330.750000 7072934.000000
2491321.750000 7065039.000000
2612027.500000 7071555.000000
2860647.500000 7074996.000000
1540376.125000 7066346.000000
1582762.750000 7066324.000000
1723453.000000 7064535.000000
1864796.250000 7063599.000000
2008984.250000 7066987.000000
2150225.000000 7073366.000000
3533618.000000 7064309.000000
2313014.000000 7073277.000000
2362858.500000 7072213.000000
2410376.250000 7068073.000000
2492422.250000 7066914.000000
2611042.750000 7069563.000000
2859779.000000 7068987.000000
1541464.500000 7067885.000000
1584166.250000 7065724.000000
1722465.000000 7064477.000000
1868133.625000 7071730.000000
2005234.875000 7062209.000000
2150965.000000 7071291.000000
3536410.000000 7071772.000000
2310197.000000 7069893.000000
2360055.500000 7069987.000000
2409149.500000 7065216.000000
2492373.500000 7070866.000000
2608814.250000 7065783.000000
2861732.750000 7072201.000000
2737022.750000 7072092.000000
2790625.000000 7067530.000000
2873543.000000 7071819.000000
2991199.000000 7066002.000000
3151464.500000 7068511.000000
1630807.250000 7064336.000000
1688547.250000 7065655.000000
1732730.625000 7065694.000000
1878406.500000 7064876.000000
2020088.625000 7066033.000000
2165487.750000 7072304.000000
2311203.500000 7066159.000000
3789195.000000 7069627.000000
2518524.750000 7067109.000000
2567850.250000 7066345.000000
2654843.000000 7069706.000000
2773389.750000 7067305.000000
2938652.500000 7069613.000000
1631767.375000 7067465.000000
1690308.000000 7066592.000000
1734146.625000 7066701.000000
1877385.500000 7068598.000000
2019884.250000 7071352.000000
2167947.250000 7071091.000000
2310840.000000 7065902.000000
3793709.250000 7072911.000000
2518503.250000 7069016.000000
2568295.500000 7069348.000000
2650075.750000 7066050.000000
2771494.250000 7068172.000000
2939300.500000 7071588.000000
1631289.750000 7065974.000000
1693161.750000 7071623.000000
1732351.000000 7065839.000000
1876636.000000 7072263.000000
2022612.000000 7069717.000000
2165919.500000 7067047.000000
2312724.500000 7071763.000000
3792004.000000 7069694.000000
2517934.750000 7065426.000000
2569870.250000 7068046.000000
2651172.500000 7066510.000000
2774284.750000 7072051.000000
2937645.000000 7068260.000000
2965705.750000 7065610.000000
3047300.250000 7066426.000000
3167863.000000 7072798.000000
3329350.000000 7068637.000000
1750777.875000 7070985.000000
1808870.625000 7071344.000000
1868399.750000 7071521.000000
1911860.750000 7062433.000000
2058414.250000 7063316.000000
2209671.000000 7068672.000000
2357466.000000 7063255.000000
2518179.000000 7066599.000000
4068489.500000 7064535.000000
2757641.750000 7066517.000000
2841981.500000 7072686.000000
2964045.000000 7070368.000000
3127514.500000 7059991.000000
1748358.500000 7066243.000000
1807592.125000 7066334.000000
1868955.500000 7068217.000000
1915596.250000 7066031.000000
2059080.500000 7065372.000000
2209313.250000 7069376.000000
2362265.500000 7065855.000000
2519564.750000 7069687.000000
4070131.500000 7068721.000000
2757774.750000 7068955.000000
2840447.750000 7068790.000000
2961702.500000 7071977.000000
3127209.250000 7065225.000000
1748487.625000 7070688.000000
1808189.250000 7065530.000000
1868687.875000 7069151.000000
1914281.750000 7068241.000000
2057935.000000 7069090.000000
2210376.750000 7072411.000000
2362277.000000 7069097.000000
2521340.750000 7067841.000000
4074207.000000 7071883.000000
2761683.000000 7074472.000000
2841636.250000 7069003.000000
2964543.750000 7070282.000000
3129304.250000 7070555.000000
3125789.500000 7072305.000000
3243750.500000 7069966.000000
3405957.250000 7066905.000000
1873376.000000 7074580.000000
1933023.750000 7068190.000000
1993002.250000 7064973.000000
2057414.500000 7067039.000000
2104772.000000 7064766.000000
2257310.000000 7073693.000000
2410039.750000 7069519.000000
2570281.750000 7070035.000000
2759245.500000 7073907.000000
4326925.000000 7070336.000000
2920716.000000 7071435.000000
3043294.500000 7064957.000000
3217575.000000 7075087.000000
1871129.250000 7067748.000000
1933236.500000 7067699.000000
1993419.250000 7070144.000000
2057389.500000 7070773.000000
2104880.250000 7068848.000000
2259123.000000 7078759.000000
2411663.500000 7069455.000000
2569791.250000 7065528.000000
2755932.000000 7070356.000000
4327900.000000 7069392.000000
2924681.000000 7074346.000000
3043352.000000 7069132.000000
3213776.750000 7064781.000000
1870508.500000 7065970.000000
1934690.500000 7069995.000000
1994932.750000 7070426.000000
2058371.750000 7072043.000000
2106439.000000 7070399.000000
2257772.500000 7069216.000000
2411767.500000 7067176.000000
2571589.000000 7073668.000000
2758547.500000 7074280.000000
4328379.000000 7068640.000000
2920195.000000 7067411.000000
3043695.750000 7067902.000000
3211519.250000 7063647.000000
3326025.000000 7064167.000000
3495067.750000 7070174.000000
2022376.750000 7068862.000000
2082421.625000 7070623.000000
2144853.500000 7063785.000000
2211036.500000 7067623.000000
2278930.000000 7070175.000000
2336826.750000 7069765.000000
2494356.500000 7073977.000000
2651087.750000 7065142.000000
2841178.000000 7072989.000000
2920212.500000 7065413.000000
4587607.000000 7060309.000000
3136562.000000 7071376.000000
3306504.750000 7069118.000000
2022862.750000 7065741.000000
2084987.000000 7067598.000000
2144870.500000 7067571.000000
2214741.500000 7070371.000000
2279402.750000 7073829.000000
2334752.000000 7068425.000000
2490090.000000 7069063.000000
2653787.750000 7072089.000000
2837665.750000 7063578.000000
2920163.000000 7067934.000000
4594428.000000 7070499.000000
3138129.500000 7074682.000000
3309222.250000 7071959.000000
2022176.875000 7071108.000000
2084203.500000 7064745.000000
2147238.500000 7072505.000000
2211329.000000 7068711.000000
2277938.000000 7067176.000000
2337268.000000 7071030.000000
2490798.000000 7066316.000000
2650677.750000 7067199.000000
2839208.000000 7067112.000000
2924634.500000 7071780.000000
4595150.500000 7071498.000000
3138340.500000 7070134.000000
3309576.500000 7073665.000000
3588968.500000 7068369.000000
2206573.250000 7073874.000000
2265383.000000 7069246.000000
2331003.500000 7067845.000000
2396378.750000 7064775.000000
2466133.750000 7068813.000000
2544504.250000 7074914.000000
2613417.500000 7069946.000000
2774659.750000 7068412.000000
2961290.500000 7067528.000000
3042964.500000 7067119.000000
3137941.500000 7068022.000000
4871879.000000 7070791.000000
3406812.500000 7071063.000000
2203728.500000 7065648.000000
2266827.250000 7068526.000000
2330366.000000 7067621.000000
2398939.000000 7071173.000000
2464785.000000 7065515.000000
2541677.000000 7071599.000000
2610339.000000 7069266.000000
2774940.750000 7076786.000000
2961943.750000 7067868.000000
3042751.000000 7066180.000000
3132872.500000 7066166.000000
4868768.500000 7068390.000000
3403444.250000 7064301.000000
2202132.500000 7068436.000000
2265798.750000 7066884.000000
2331102.250000 7070822.000000
2400391.750000 7072166.000000
2465207.750000 7068789.000000
2541488.500000 7071403.000000
2610555.000000 7071412.000000
2770891.250000 7067063.000000
2962435.500000 7065440.000000
3044084.500000 7070754.000000
3137644.000000 7069311.000000
4869582.000000 7068637.000000
3410399.500000 7075982.000000
2492689.500000 7071871.000000
2562057.000000 7072707.000000
2628883.750000 7070873.000000
2698309.750000 7067040.000000
2678217.250000 7065127.000000
2772775.250000 7071301.000000
2859853.500000 7064260.000000
2939638.000000 7067171.000000
3128082.500000 7069035.000000
3214703.500000 7070583.000000
3307151.000000 7067891.000000
3406146.500000 7067590.000000
5192577.000000 7070920.000000
2493560.500000 7071282.000000
2563259.750000 7068088.000000
2626493.500000 7066396.000000
2702481.500000 7068094.000000
2680521.000000 7068647.000000
2773249.500000 7071871.000000
2859277.500000 7066131.000000
2938094.250000 7071496.000000
3126931.500000 7065467.000000
3216072.000000 7069516.000000
3309414.500000 7071586.000000
3406112.750000 7067696.000000
5196360.000000 7070240.000000
2493771.500000 7067482.000000
2563978.500000 7070433.000000
2628099.250000 7068147.000000
2696321.750000 7064649.000000
2676909.000000 7066607.000000
2777124.000000 7077222.000000
2860565.000000 7075157.000000
2939166.500000 7070491.000000
3132376.000000 7074097.000000
3218268.000000 7071104.000000
3306641.000000 7066020.000000
3409476.500000 7074479.000000
5195827.000000 7072735.000000
1684141.500000 7064793.000000
1744335.250000 7068379.000000
1800640.625000 7070350.000000
1752854.250000 7068607.000000
1736818.250000 7069415.000000
1826981.250000 7067652.000000
1914160.250000 7068813.000000
2024293.500000 7070909.000000
2145971.500000 7068485.000000
2292138.250000 7069326.000000
2465017.000000 7068403.000000
2740694.250000 7067494.000000
2173078.750000 7070714.000000
1397281.750000 7071349.000000
1461825.500000 7072763.000000
1516734.375000 7062587.000000
1468728.250000 7071274.000000
1447919.125000 7072176.000000
1538985.500000 7062781.000000
1631072.500000 7069706.000000
1750634.125000 7067379.000000
1872270.250000 7064327.000000
2023359.000000 7069424.000000
2203380.500000 7067444.000000
2489930.500000 7067596.000000
2171763.000000 7071600.000000
1398341.750000 7074645.000000
1460572.750000 7069246.000000
1517804.500000 7067839.000000
1466720.750000 7067979.000000
1450005.625000 7070174.000000
1538444.500000 7062662.000000
1634049.250000 7073813.000000
1750836.750000 7071588.000000
1871583.500000 7066048.000000
2022887.250000 7071531.000000
2204484.750000 7071975.000000
2494029.500000 7074516.000000
1866786.375000 7065991.000000
1926479.875000 7069719.000000
1883418.250000 7067759.000000
1866494.000000 7070420.000000
1862169.000000 7068884.000000
1964309.500000 7064355.000000
2077859.250000 7067464.000000
2203314.750000 7069717.000000
2347155.000000 7066257.000000
2523504.000000 7072755.000000
2804943.250000 7069569.000000
1397686.875000 7071760.000000
2380292.000000 7066677.000000
1593207.750000 7068134.000000
1657740.250000 7068163.000000
1610399.375000 7069122.000000
1587450.750000 7060808.000000
1581645.375000 7063908.000000
1692006.500000 7070341.000000
1806990.500000 7068832.000000
1933142.500000 7072860.000000
2082998.000000 7067481.000000
2268857.250000 7073206.000000
2559720.000000 7067431.000000
1397814.625000 7071956.000000
2380713.750000 7067936.000000
1594540.875000 7070283.000000
1658406.875000 7070912.000000
1607938.500000 7061118.000000
1589201.000000 7069304.000000
1581553.500000 7071760.000000
1687631.750000 7059971.000000
1808314.250000 7073054.000000
1934347.750000 7066551.000000
2082766.250000 7066783.000000
2265606.750000 7067895.000000
2563848.000000 7067774.000000
2051746.625000 7073853.000000
2015293.500000 7072965.000000
1997966.250000 7072359.000000
1992345.250000 7072812.000000
2004715.125000 7063788.000000
2134827.000000 7073707.000000
2254903.000000 7071715.000000
2402555.000000 7070263.000000
2580935.750000 7068864.000000
2865059.000000 7072040.000000
1459567.000000 7064871.000000
1594067.500000 7068309.000000
2604125.500000 7070897.000000
1789679.750000 7064040.000000
1748447.000000 7065240.000000
1728668.000000 7073445.000000
1721253.500000 7067027.000000
1734168.250000 7070821.000000
1869783.625000 7070110.000000
1994934.500000 7071227.000000
2147623.000000 7073072.000000
2330767.000000 7065912.000000
2630407.000000 7073201.000000
1463313.375000 7071725.000000
1593496.500000 7062970.000000
2602906.500000 7069740.000000
1790013.000000 7066806.000000
1751854.500000 7068827.000000
1730749.500000 7068669.000000
1722785.000000 7067626.000000
1733696.750000 7071328.000000
1867130.500000 7066520.000000
1991792.875000 7065342.000000
2146136.500000 7070104.000000
2333095.000000 7073440.000000
2627118.750000 7063534.000000
2137393.500000 7065518.000000
2130428.250000 7068032.000000
2124368.250000 7070615.000000
2136924.000000 7069177.000000
2175379.750000 7071126.000000
2314141.000000 7069715.000000
2460508.500000 7065494.000000
2644950.000000 7067485.000000
2931454.500000 7070052.000000
1518170.250000 7063567.000000
1654630.250000 7058778.000000
1791095.750000 7067613.000000
2835614.500000 7064722.000000
1885045.375000 7065316.000000
1875569.750000 7073206.000000
1866839.000000 7068254.000000
1876757.250000 7070307.000000
1913660.000000 7063935.000000
2055927.625000 7067422.000000
2211462.250000 7066143.000000
2397140.750000 7068920.000000
2702180.000000 7074454.000000
1516533.875000 7070464.000000
1658349.500000 7073136.000000
1792546.000000 7071896.000000
2837158.250000 7068163.000000
1883136.125000 7067552.000000
1872332.750000 7068364.000000
1866910.750000 7071947.000000
1877399.875000 7071513.000000
1913884.625000 7068487.000000
2058735.750000 7070911.000000
2212792.250000 7069075.000000
2395952.000000 7067993.000000
2698930.000000 7068626.000000
2257392.000000 7071198.000000
2260153.250000 7077179.000000
2272182.000000 7068917.000000
2311843.500000 7072971.000000
2356965.500000 7071360.000000
2524545.000000 7068077.000000
2707778.000000 7072989.000000
2910671.500000 7065924.000000
1469129.000000 7065476.000000
1612081.250000 7075686.000000
1751075.000000 7068359.000000
1883593.250000 7066011.000000
3057676.000000 7073308.000000
2010339.750000 7073995.000000
2009020.500000 7066617.000000
2020786.750000 7071306.000000
2060430.500000 7064673.000000
2107834.250000 7069619.000000
2278564.500000 7068433.000000
2467683.750000 7070989.000000
2678308.500000 7065065.000000
1469675.750000 7068574.000000
1609149.500000 7070704.000000
1748088.500000 7064173.000000
1887335.000000 7076529.000000
3059713.750000 7072051.000000
2008586.375000 7066467.000000
2006221.500000 7068809.000000
2022302.500000 7075420.000000
2056777.625000 7067747.000000
2106143.500000 7068429.000000
2278151.500000 7070125.000000
2462969.250000 7062886.000000
2679892.750000 7070669.000000
2388554.500000 7070155.000000
2410791.750000 7068019.000000
2449029.750000 7070672.000000
2498590.500000 7066596.000000
2576159.500000 7065471.000000
2774916.750000 7072208.000000
2999955.250000 7071218.000000
1449110.500000 7066762.000000
1588788.125000 7068016.000000
1730928.000000 7067901.000000
1872619.125000 7070283.000000
2006249.750000 7067261.000000
3290098.000000 7069790.000000
2148548.000000 7068761.000000
2168497.250000 7066939.000000
2210509.750000 7070076.000000
2254109.500000 7068177.000000
2336828.500000 7070492.000000
2543036.500000 7074661.000000
2772904.500000 7071128.000000
1448182.875000 7063834.000000
1588096.500000 7065418.000000
1733105.000000 7073252.000000
1872137.000000 7071465.000000
2008640.000000 7064781.000000
3287735.750000 7063562.000000
2148874.750000 7072361.000000
2167823.250000 7068086.000000
2207509.000000 7070409.000000
2258889.250000 7072558.000000
2335330.500000 7068406.000000
2544751.500000 7071218.000000
2772189.250000 7073790.000000
2543693.500000 7069540.000000
2593415.750000 7069896.000000
2645322.750000 7073416.000000
2722870.500000 7068939.000000
2836986.500000 7070592.000000
3078286.250000 7071507.000000
1541023.375000 7068359.000000
1581742.000000 7068706.000000
1724368.750000 7070553.000000
1867108.750000 7070798.000000
2010863.250000 7072632.000000
2149496.500000 7071052.000000
3535575.500000 7068574.000000
2312626.500000 7072829.000000
2361933.250000 7072316.000000
2412625.000000 7067511.000000
2494940.000000 7073931.000000
2609310.500000 7067481.000000
2855945.500000 7068904.000000
1539239.625000 7066716.000000
1584796.500000 7071069.000000
1721156.750000 7067080.000000
1867963.875000 7065634.000000
2011767.125000 7073893.000000
2147150.500000 7065354.000000
3536941.500000 7074541.000000
2308300.750000 7067026.000000
2362955.500000 7067929.000000
2412860.250000 7069636.000000
2495698.500000 7074036.000000
2608807.000000 7067911.000000
2858205.500000 7067633.000000
2738447.500000 7071600.000000
2789453.000000 7071105.000000
2869937.500000 7064458.000000
2990873.000000 7071616.000000
3152054.000000 7073515.000000
1630970.000000 7067961.000000
1689322.750000 7071234.000000
1730298.750000 7068959.000000
1875395.500000 7068710.000000
2023418.000000 7070084.000000
2169468.500000 7072319.000000
2314898.500000 7074644.000000
3795757.000000 7076699.000000
2517936.000000 7069951.000000
2567376.500000 7067490.000000
2651507.500000 7060785.000000
2773102.750000 7068627.000000
2938690.750000 7069137.000000
1631945.250000 7076103.000000
1690253.125000 7068313.000000
1735113.250000 7074372.000000
1875303.125000 7068117.000000
2022343.000000 7069513.000000
2165983.000000 7068740.000000
2315075.000000 7074384.000000
3791661.500000 7069052.000000
2518906.250000 7068369.000000
2572129.500000 7071303.000000
2651862.250000 7067580.000000
2771549.000000 7067496.000000
2936536.750000 7063924.000000
2965263.500000 7068833.000000
3048095.000000 7068129.000000
3163848.750000 7065932.000000
3327780.000000 7065047.000000
1750363.500000 7076431.000000
1806368.250000 7069115.000000
1868140.500000 7070694.000000
1914969.000000 7070771.000000
2060315.250000 7072114.000000
2210271.500000 7071067.000000
2361125.500000 7065805.000000
2517811.500000 7064751.000000
4071205.500000 7066783.000000
2758460.750000 7072425.000000
2840475.500000 7071193.000000
2961094.750000 7068124.000000
3130713.000000 7072024.000000
1748364.875000 7068169.000000
1808409.125000 7071320.000000
1867481.750000 7069007.000000
1913254.875000 7070767.000000
2058068.000000 7067686.000000
2204662.500000 7063330.000000
2361079.500000 7073573.000000
2518429.000000 7067914.000000
4071726.000000 7070553.000000
2757029.750000 7069004.000000
2838849.000000 7067686.000000
2961921.750000 7068465.000000
3129997.500000 7070287.000000
3125651.750000 7074227.000000
3240883.750000 7065195.000000
3404010.250000 7065346.000000
1873102.875000 7071238.000000
1931664.500000 7067506.000000
1996845.250000 7077219.000000
2056703.500000 7066566.000000
2104841.250000 7069496.000000
2257260.000000 7068828.000000
2410564.750000 7068694.000000
2568291.750000 7065774.000000
2759405.250000 7071655.000000
4327003.500000 7069223.000000
2920783.000000 7064715.000000
3041320.000000 7064309.000000
3213751.000000 7065749.000000
1870354.875000 7067236.000000
1932020.750000 7072923.000000
1993897.250000 7068204.000000
2056455.500000 7068693.000000
2107138.500000 7069411.000000
2259140.250000 7076868.000000
2410790.500000 7063289.000000
2569114.250000 7068535.000000
2756527.500000 7064888.000000
4326996.000000 7071164.000000
2922238.750000 7068440.000000
3047201.000000 7073315.000000
3216755.000000 7069195.000000
3327369.500000 7062035.000000
3497310.500000 7073589.000000
2021332.500000 7063930.000000
2083434.750000 7067650.000000
2148380.000000 7067904.000000
2211512.250000 7068167.000000
2277818.000000 7073727.000000
2337698.000000 7071282.000000
2491551.750000 7071274.000000
2652054.750000 7069358.000000
2842908.250000 7072924.000000
2921735.750000 7068367.000000
4589473.000000 7066478.000000
3136864.750000 7066632.000000
3307314.000000 7068126.000000
2023292.750000 7071664.000000
2083770.625000 7064624.000000
2148094.500000 7067314.000000
2212390.500000 7070118.000000
2278530.000000 7070394.000000
2337430.500000 7074442.000000
2492077.000000 7069618.000000
2649808.000000 7063269.000000
2842143.000000 7069772.000000
2925463.500000 7072365.000000
4589434.000000 7066617.000000
3134853.500000 7068599.000000
3306996.250000 7069169.000000
3587135.750000 7068847.000000
2204054.500000 7068397.000000
2269015.500000 7073454.000000
2328691.750000 7069352.000000
2400496.250000 7070534.000000
2466770.500000 7067106.000000
2541455.500000 7065454.000000
2611569.750000 7068159.000000
2773911.250000 7068207.000000
2963983.000000 7073567.000000
3042976.500000 7069160.000000
3134636.000000 7066957.000000
4869008.000000 7067733.000000
3405484.500000 7067645.000000
2204644.750000 7067187.000000
2269016.000000 7071661.000000
2329197.750000 7065028.000000
2398031.000000 7069844.000000
2464610.500000 7066381.000000
2541740.000000 7064719.000000
2608097.500000 7064437.000000
2774979.000000 7070690.000000
2962918.500000 7069113.000000
3042522.750000 7067086.000000
3135707.000000 7071834.000000
4869412.500000 7068948.000000
3405496.500000 7067646.000000
2495154.250000 7074286.000000
2563709.000000 7067883.000000
2631784.000000 7074096.000000
2695846.500000 7064963.000000
2678346.500000 7068376.000000
2773416.750000 7064916.000000
2858642.500000 7066210.000000
2936942.000000 7065985.000000
3127940.500000 7068400.000000
3217776.000000 7074249.000000
3309083.000000 7074116.000000
3406431.000000 7069131.000000
5191989.500000 7068627.000000
2491981.500000 7066566.000000
2558163.250000 7067512.000000
2628328.750000 7072718.000000
2697899.500000 7066299.000000
2678171.250000 7070390.000000
2772071.250000 7065033.000000
2860231.500000 7074472.000000
2938625.500000 7070743.000000
3126558.500000 7064009.000000
3214784.500000 7067554.000000
3308508.250000 7068218.000000
3409684.500000 7072577.000000
5190871.000000 7069912.000000
1684701.750000 7069667.000000
1745702.250000 7069436.000000
1797511.500000 7061550.000000
1751032.625000 7064419.000000
1735718.625000 7071700.000000
1827031.000000 7069919.000000
1916460.000000 7069919.000000
2024056.500000 7067963.000000
2144171.000000 7067735.000000
2290280.000000 7072344.000000
2468136.000000 7074710.000000
2741381.500000 7065566.000000
2170761.500000 7070300.000000
1399349.250000 7069425.000000
1460075.875000 7068539.000000
1517927.625000 7067841.000000
1467452.750000 7066888.000000
1448379.500000 7068494.000000
1541156.625000 7071525.000000
1632375.250000 7068441.000000
1749563.125000 7064719.000000
1871518.500000 7068428.000000
2024637.750000 7069806.000000
2205418.750000 7072404.000000
2492391.500000 7068004.000000
1868773.000000 7065616.000000
1927216.250000 7070922.000000
1884030.000000 7065655.000000
1864802.750000 7067467.000000
1860905.500000 7066074.000000
1968425.250000 7071608.000000
2078717.250000 7070097.000000
2200416.250000 7069487.000000
2346727.500000 7069725.000000
2524292.000000 7072868.000000
2805047.750000 7066018.000000
1397323.250000 7070617.000000
2381127.000000 7069974.000000
1592978.250000 7067002.000000
1657760.250000 7068514.000000
1609822.500000 7075130.000000
1589029.000000 7067790.000000
1582872.375000 7068365.000000
1690727.875000 7076115.000000
1807439.875000 7068219.000000
1932751.750000 7069425.000000
2086124.250000 7071586.000000
2269660.500000 7071946.000000
2559154.500000 7068741.000000
2052635.750000 7073649.000000
2014455.625000 7069861.000000
1998353.750000 7072372.000000
1991126.250000 7066911.000000
2003674.500000 7068559.000000
2133792.000000 7062852.000000
2254897.500000 7070113.000000
2402160.250000 7069148.000000
2582375.250000 7070318.000000
2870975.000000 7076076.000000
1460690.250000 7065602.000000
1593986.625000 7068181.000000
2603635.750000 7071388.000000
1792057.500000 7070544.000000
1752088.625000 7074586.000000
1731733.250000 7069550.000000
1723234.750000 7068685.000000
1734169.375000 7069902.000000
1867469.500000 7070986.000000
1993441.500000 7074470.000000
2144742.500000 7067239.000000
2331473.000000 7070688.000000
2629225.500000 7071717.000000
2138003.750000 7062166.000000
2127563.000000 7064001.000000
2125254.500000 7072160.000000
2140054.250000 7072083.000000
2177252.000000 7068574.000000
2316507.500000 7073146.000000
2465316.750000 7072735.000000
2642600.250000 7070872.000000
2928420.500000 7065289.000000
1517372.500000 7071179.000000
1658105.750000 7068827.000000
1789888.750000 7066364.000000
2837461.000000 7071441.000000
1885224.000000 7068016.000000
1872853.000000 7073866.000000
1866448.750000 7068325.000000
1875291.000000 7063680.000000
1915409.750000 7071070.000000
2058516.000000 7068081.000000
2209399.250000 7065801.000000
2398323.750000 7064820.000000
2697574.500000 7063297.000000
2253430.250000 7066829.000000
2259254.250000 7072482.000000
2271653.000000 7068836.000000
2311593.750000 7069944.000000
2359387.250000 7069889.000000
2524426.500000 7069142.000000
2704933.000000 7066674.000000
2912356.250000 7072843.000000
1468888.750000 7072193.000000
1610338.000000 7070086.000000
1750180.500000 7067522.000000
1886059.875000 7068349.000000
3054902.500000 7068566.000000
2008849.500000 7070270.000000
2008448.125000 7071571.000000
2023063.750000 7071779.000000
2058894.000000 7068706.000000
2103895.500000 7073550.000000
2279471.500000 7071066.000000
2468299.750000 7070739.000000
2678937.000000 7072073.000000
2388293.000000 7073204.000000
2410360.000000 7070228.000000
2447433.000000 7067176.000000
2499357.000000 7071282.000000
2578270.500000 7067254.000000
2775695.250000 7070112.000000
2994893.000000 7066083.000000
1447234.875000 7063681.000000
1588451.000000 7072706.000000
1731307.375000 7069465.000000
1871366.500000 7067174.000000
2008196.250000 7067148.000000
3288567.500000 7071999.000000
2149712.500000 7073570.000000
2166650.500000 7065852.000000
2210335.250000 7068142.000000
2256729.250000 7067807.000000
2338784.250000 7075331.000000
2547570.500000 7074962.000000
2773518.250000 7070872.000000
2543478.500000 7072615.000000
2590010.000000 7072058.000000
2643105.500000 7071720.000000
2725846.500000 7073472.000000
2838035.500000 7066752.000000
3078610.000000 7068655.000000
1542658.875000 7063872.000000
1581879.125000 7067387.000000
1723825.625000 7072682.000000
1866199.750000 7069555.000000
2010236.250000 7070669.000000
2149510.000000 7070705.000000
3534988.500000 7070139.000000
2312616.750000 7071619.000000
2361833.500000 7068780.000000
2410386.250000 7070736.000000
2493559.000000 7067969.000000
2608332.500000 7070952.000000
2855178.500000 7064200.000000
2738774.000000 7067608.000000
2789659.000000 7068180.000000
2872516.000000 7069090.000000
2987764.500000 7066739.000000
3149903.000000 7066275.000000
1629380.125000 7067016.000000
1689996.000000 7065157.000000
1731866.750000 7070768.000000
1874729.000000 7068065.000000
2021076.750000 7069015.000000
2167964.500000 7072676.000000
2309871.500000 7065326.000000
3789866.500000 7069033.000000
2519259.500000 7072411.000000
2568642.250000 7071529.000000
2652812.250000 7070204.000000
2770310.750000 7069833.000000
2936338.500000 7067037.000000
2961305.500000 7065643.000000
3050016.000000 7074732.000000
3168048.500000 7071369.000000
3327128.500000 7068139.000000
1749297.250000 7069959.000000
1810480.250000 7067621.000000
1869459.750000 7068408.000000
1912478.250000 7061559.000000
2056790.875000 7067213.000000
2206883.500000 7068802.000000
2366145.000000 7074744.000000
2517070.500000 7067102.000000
4071105.750000 7069695.000000
2759926.250000 7070458.000000
2839104.000000 7067226.000000
2962018.000000 7066655.000000
3130163.500000 7068661.000000
3123266.750000 7070694.000000
3241319.000000 7065021.000000
3409760.250000 7071454.000000
1872866.750000 7072204.000000
1932908.750000 7072713.000000
1992117.625000 7069326.000000
2058285.750000 7069569.000000
2108525.500000 7071377.000000
2254622.250000 7066120.000000
2412429.000000 7069745.000000
2569706.000000 7073035.000000
2759729.250000 7071431.000000
4325697.000000 7069680.000000
2922402.000000 7070815.000000
3048333.500000 7074097.000000
3217363.500000 7071244.000000
3328603.500000 7067673.000000
3494119.250000 7066403.000000
2023136.750000 7066390.000000
2082642.375000 7065742.000000
2148220.750000 7072532.000000
2212501.500000 7071515.000000
2278660.750000 7073338.000000
2334722.000000 7070126.000000
2495415.000000 7071166.000000
2653182.500000 7068920.000000
2840205.500000 7069504.000000
2923871.000000 7072951.000000
4589301.500000 7066415.000000
3138080.250000 7069723.000000
3308024.500000 7069989.000000
3589165.000000 7075655.000000
2206758.000000 7070894.000000
2266315.500000 7067079.000000
2333615.250000 7071966.000000
2398848.750000 7070720.000000
2466246.000000 7068151.000000
2541835.000000 7066884.000000
2613700.000000 7075167.000000
2774869.250000 7066634.000000
2962130.000000 7068662.000000
3043668.750000 7067960.000000
3136722.000000 7069478.000000
4874156.000000 7072296.000000
3406591.000000 7067077.000000
2491381.500000 7066901.000000
2563488.000000 7072205.000000
2629135.250000 7072013.000000
2698135.250000 7065862.000000
2680024.000000 7072530.000000
2775173.000000 7072283.000000
2856157.500000 7065647.000000
2938313.500000 7068629.000000
3130115.500000 7066755.000000
3215106.500000 7068601.000000
3306299.000000 7068657.000000
3402469.000000 7063888.000000
5195209.000000 7070601.000000
1684049.750000 7069659.000000
1744017.750000 7068274.000000
1797797.625000 7070644.000000
1751636.375000 7067501.000000
1734326.875000 7062117.000000
1822468.000000 7067672.000000
1912165.500000 7068679.000000
2026852.750000 7071648.000000
2144001.000000 7069018.000000
2292029.500000 7069430.000000
2466023.250000 7064502.000000
2739424.250000 7066687.000000
1869969.750000 7071024.000000
1927969.500000 7070563.000000
1884445.500000 7067883.000000
1866786.000000 7069264.000000
1861425.375000 7067746.000000
1966862.625000 7071706.000000
2079980.250000 7067619.000000
2200323.500000 7070196.000000
2347595.250000 7072713.000000
2523199.000000 7070942.000000
2805091.500000 7065566.000000
2051252.125000 7071832.000000
2014924.000000 7072966.000000
1996922.250000 7066716.000000
1991237.750000 7062915.000000
2003897.625000 7069451.000000
2131485.250000 7060115.000000
2253437.000000 7066310.000000
2404578.000000 7073077.000000
2582865.500000 7071428.000000
2866065.500000 7066905.000000
2137360.000000 7065202.000000
2127758.500000 7066708.000000
2125340.000000 7068642.000000
2137727.750000 7070655.000000
2173494.500000 7070083.000000
2311021.000000 7065046.000000
2463800.500000 7070266.000000
2643806.000000 7069274.000000
2927391.500000 7066417.000000
2252202.500000 7065403.000000
2256469.750000 7063188.000000
2273636.750000 7071265.000000
2309866.750000 7064114.000000
2358211.000000 7068902.000000
2526710.750000 7067275.000000
2705621.000000 7072528.000000
2914418.000000 7073171.000000
2386252.750000 7064868.000000
2409937.750000 7072920.000000
2446392.500000 7067420.000000
2495454.750000 7064971.000000
2575745.000000 7069368.000000
2774163.000000 7068201.000000
2997146.500000 7068900.000000
2541191.250000 7070340.000000
2591561.750000 7067806.000000
2644955.500000 7076753.000000
2724017.250000 7066367.000000
2840826.000000 7070963.000000
3076113.500000 7065706.000000
2741668.750000 7074154.000000
2790346.250000 7067439.000000
2872823.500000 7068916.000000
2988805.500000 7068088.000000
3146902.000000 7064405.000000
2964786.000000 7064778.000000
3045973.000000 7066908.000000
3164737.500000 7068001.000000
3330061.500000 7072818.000000
3122015.500000 7066374.000000
3243434.750000 7069117.000000
3409639.500000 7072657.000000
3331246.500000 7071131.000000
3497109.750000 7072784.000000
3586604.250000 7065159.000000
