925389.375000 7080897.000000
964696.375000 7083748.000000
994499.125000 7079136.000000
940095.375000 7086926.000000
905825.562500 7081553.000000
944465.000000 7083750.000000
986416.312500 7082966.000000
1053045.250000 7084251.000000
1111520.625000 7086532.000000
1188863.500000 7085251.000000
1287657.250000 7084591.000000
1461469.500000 7084605.000000
1101605.750000 7087706.000000
636453.625000 7087613.000000
676078.125000 7079161.000000
709296.187500 7085128.000000
648597.250000 7086057.000000
611011.562500 7081020.000000
649112.875000 7086228.000000
688278.187500 7083556.000000
753836.000000 7087858.000000
810972.312500 7086818.000000
882346.500000 7085615.000000
978428.500000 7081968.000000
1150990.750000 7082092.000000
1101891.375000 7083122.000000
634668.250000 7086172.000000
678185.375000 7083116.000000
709468.000000 7080455.000000
647854.937500 7087410.000000
609846.562500 7080444.000000
647375.562500 7088059.000000
688808.250000 7083934.000000
753929.000000 7088712.000000
808908.187500 7084816.000000
882813.375000 7080268.000000
979997.812500 7080777.000000
1152480.000000 7088192.000000
1102184.125000 7081127.000000
636808.125000 7082587.000000
677374.562500 7083928.000000
706858.687500 7082266.000000
648022.312500 7083244.000000
611651.125000 7084759.000000
648070.000000 7080437.000000
689283.812500 7085663.000000
752544.375000 7079722.000000
810601.000000 7085126.000000
883205.875000 7089238.000000
980256.625000 7084853.000000
1153211.750000 7084435.000000
1043600.250000 7086923.000000
1083922.750000 7086316.000000
1032539.875000 7087281.000000
991161.875000 7083200.000000
966271.437500 7086398.000000
1011784.062500 7088699.000000
1078145.000000 7082972.000000
1137133.000000 7077016.000000
1214007.750000 7083859.000000
1315074.625000 7080099.000000
1503324.250000 7080915.000000
635741.500000 7083774.000000
1157765.250000 7079579.000000
764119.250000 7087934.000000
807477.875000 7082255.000000
747694.250000 7086678.000000
703607.937500 7087643.000000
671242.250000 7077119.000000
716628.875000 7084206.000000
782269.250000 7082484.000000
838209.000000 7087882.000000
913874.375000 7084811.000000
1011725.437500 7083677.000000
1196040.500000 7082916.000000
634670.625000 7082347.000000
1158821.125000 7082569.000000
763720.062500 7089201.000000
808852.875000 7083690.000000
748090.562500 7083145.000000
704488.750000 7082748.000000
672530.875000 7084202.000000
716876.875000 7083587.000000
779956.125000 7080069.000000
838899.500000 7089180.000000
912645.875000 7083074.000000
1010042.125000 7083366.000000
1196039.250000 7083556.000000
634764.500000 7081434.000000
1156615.250000 7082996.000000
762495.437500 7083774.000000
807363.187500 7081676.000000
748324.750000 7084977.000000
702317.625000 7082894.000000
672118.500000 7087874.000000
718489.562500 7086719.000000
781972.875000 7079457.000000
837832.375000 7079930.000000
913060.750000 7082897.000000
1011644.250000 7083603.000000
1198480.875000 7086341.000000
1166834.250000 7084823.000000
1124724.375000 7081704.000000
1085902.875000 7080684.000000
1053598.500000 7084712.000000
1033003.625000 7084342.000000
1105690.000000 7088267.000000
1165637.250000 7083094.000000
1243772.125000 7087162.000000
1345870.125000 7085803.000000
1535413.125000 7083828.000000
677521.875000 7087270.000000
764914.250000 7085530.000000
1229132.000000 7082380.000000
897636.312500 7084261.000000
849540.250000 7085592.000000
806095.937500 7085482.000000
767773.875000 7080663.000000
742389.125000 7081685.000000
814160.687500 7083266.000000
869997.000000 7081053.000000
945234.125000 7083445.000000
1046313.625000 7086940.000000
1236518.000000 7085318.000000
678011.500000 7082760.000000
762986.187500 7086480.000000
1230198.375000 7086208.000000
896211.812500 7084062.000000
848080.687500 7084541.000000
805308.750000 7083466.000000
768649.625000 7087974.000000
743715.875000 7089176.000000
812271.625000 7082863.000000
871297.500000 7086098.000000
945507.250000 7084143.000000
1045711.750000 7088278.000000
1237068.500000 7080386.000000
676851.750000 7078431.000000
762605.437500 7080990.000000
1228675.375000 7083092.000000
895609.500000 7083733.000000
849422.500000 7083338.000000
806661.250000 7082261.000000
769402.500000 7083398.000000
743006.500000 7087736.000000
811866.375000 7080505.000000
870233.937500 7082597.000000
944261.875000 7077570.000000
1045354.875000 7087147.000000
1236566.250000 7082325.000000
1208027.000000 7085120.000000
1183091.125000 7081876.000000
1151790.000000 7081833.000000
1127534.750000 7082976.000000
1131262.875000 7089104.000000
1198522.125000 7085140.000000
1274629.500000 7083585.000000
1380408.000000 7083165.000000
1572432.000000 7080681.000000
708901.625000 7079581.000000
808403.375000 7083910.000000
896005.000000 7085051.000000
1318376.250000 7079901.000000
940300.812500 7084244.000000
911431.000000 7084151.000000
872535.250000 7081504.000000
844841.750000 7085763.000000
842616.875000 7084921.000000
906024.125000 7084944.000000
981240.000000 7083527.000000
1083328.250000 7088368.000000
1275610.000000 7083637.000000
708255.250000 7081749.000000
807317.500000 7084890.000000
897828.937500 7086237.000000
1320194.250000 7084153.000000
938450.062500 7085559.000000
909948.125000 7086627.000000
875613.875000 7085246.000000
845274.500000 7087360.000000
842904.750000 7087461.000000
904018.500000 7081175.000000
981691.000000 7087680.000000
1083932.375000 7085308.000000
1277240.375000 7082460.000000
707826.500000 7082583.000000
807738.687500 7078033.000000
897063.875000 7082010.000000
1318546.500000 7084264.000000
940642.000000 7084624.000000
910527.250000 7080557.000000
873532.000000 7083423.000000
844413.187500 7081404.000000
843691.375000 7088828.000000
904772.875000 7080503.000000
981367.937500 7082972.000000
1081716.375000 7080280.000000
1276933.750000 7084309.000000
1268043.375000 7082291.000000
1250519.375000 7087640.000000
1229643.375000 7086852.000000
1225965.625000 7079377.000000
1226256.250000 7084533.000000
1312450.125000 7084790.000000
1417166.500000 7085353.000000
1532662.000000 7083773.000000
647451.750000 7083345.000000
747500.625000 7086572.000000
850529.625000 7083833.000000
939464.437500 7087464.000000
1431882.500000 7091611.000000
1004173.312500 7082643.000000
982053.125000 7082207.000000
952253.187500 7081180.000000
946867.500000 7084730.000000
937037.125000 7087495.000000
1021952.375000 7088193.000000
1122778.375000 7081227.000000
1233311.125000 7081526.000000
647225.250000 7080402.000000
749061.812500 7085865.000000
848440.500000 7084579.000000
939170.937500 7084150.000000
1429819.750000 7086942.000000
1003431.312500 7080700.000000
980188.187500 7083955.000000
952470.375000 7076172.000000
947807.750000 7084526.000000
938138.500000 7089020.000000
1021193.625000 7084120.000000
1127403.875000 7090197.000000
1233842.500000 7082551.000000
648002.625000 7085434.000000
748321.875000 7085375.000000
848977.312500 7083729.000000
938594.750000 7082439.000000
1431567.250000 7084496.000000
1001558.250000 7080771.000000
980599.937500 7081346.000000
953207.250000 7085563.000000
946937.375000 7085426.000000
939353.750000 7085802.000000
1020829.062500 7083934.000000
1124267.500000 7079926.000000
1233657.750000 7086227.000000
1343082.250000 7084913.000000
1335782.750000 7086698.000000
1338079.500000 7084281.000000
1333592.875000 7089090.000000
1349751.375000 7080218.000000
1462524.625000 7082693.000000
1587234.000000 7082828.000000
609548.687500 7087666.000000
703485.375000 7085581.000000
805758.125000 7085419.000000
911434.937500 7084286.000000
1003089.000000 7083434.000000
1552609.375000 7089142.000000
1082144.500000 7080793.000000
1067999.750000 7084246.000000
1069787.125000 7091646.000000
1054462.000000 7085765.000000
1064983.250000 7085023.000000
1176559.125000 7088224.000000
1296498.750000 7084438.000000
609425.875000 7081204.000000
703445.437500 7084612.000000
805360.562500 7082072.000000
910866.625000 7085859.000000
1000562.375000 7079701.000000
1552659.125000 7082290.000000
1081016.500000 7085134.000000
1068923.875000 7085771.000000
1066908.375000 7086431.000000
1053483.750000 7087194.000000
1065048.000000 7086700.000000
1176688.500000 7083518.000000
1294291.750000 7083860.000000
611017.062500 7082061.000000
703990.125000 7081513.000000
805662.187500 7085382.000000
911257.500000 7085878.000000
1002643.062500 7081933.000000
1553336.750000 7084968.000000
1082092.500000 7084220.000000
1068860.000000 7084814.000000
1066413.000000 7084059.000000
1053702.000000 7080763.000000
1061087.750000 7078627.000000
1175136.875000 7084499.000000
1296538.625000 7086585.000000
1435888.000000 7085785.000000
1457004.500000 7082958.000000
1452539.000000 7086391.000000
1468199.250000 7086384.000000
1513336.750000 7086930.000000
1647394.750000 7086111.000000
648045.250000 7083885.000000
673048.062500 7081909.000000
767239.937500 7080626.000000
874565.812500 7085253.000000
979878.875000 7085776.000000
1080070.000000 7081206.000000
1708205.500000 7084461.000000
1179473.250000 7084372.000000
1197967.500000 7082607.000000
1184101.000000 7083373.000000
1192017.750000 7079184.000000
1229021.500000 7078712.000000
1360784.500000 7081495.000000
647225.625000 7085857.000000
672244.687500 7087651.000000
768198.750000 7080711.000000
874312.812500 7079694.000000
980395.312500 7086282.000000
1081572.875000 7082089.000000
1706345.625000 7082429.000000
1177219.500000 7083384.000000
1198795.500000 7085642.000000
1185093.875000 7083918.000000
1192263.750000 7083563.000000
1230524.500000 7087727.000000
1362247.875000 7083554.000000
647817.937500 7082330.000000
671541.125000 7082640.000000
768960.437500 7090103.000000
875562.937500 7084971.000000
981238.250000 7081257.000000
1080650.625000 7083841.000000
1708104.750000 7081079.000000
1180373.375000 7084521.000000
1198308.625000 7082958.000000
1184637.500000 7089334.000000
1193132.750000 7083697.000000
1228514.125000 7085673.000000
1360910.000000 7086648.000000
1586055.500000 7082871.000000
1582453.000000 7079804.000000
1600823.500000 7086065.000000
1644237.750000 7079320.000000
1709430.000000 7081403.000000
687460.687500 7086092.000000
715794.000000 7082890.000000
743495.625000 7083756.000000
842935.125000 7084479.000000
952538.375000 7081912.000000
1068073.750000 7089806.000000
1178030.750000 7081861.000000
1889085.375000 7084239.000000
1336086.625000 7084501.000000
1326720.125000 7088177.000000
1335248.125000 7078800.000000
1375094.250000 7084372.000000
1428665.125000 7083966.000000
687410.062500 7080956.000000
717945.250000 7086518.000000
743205.437500 7079566.000000
843548.687500 7082413.000000
953818.437500 7088586.000000
1066073.375000 7079265.000000
1180618.250000 7089353.000000
1891762.500000 7086236.000000
1337793.000000 7083945.000000
1328415.000000 7086098.000000
1338306.750000 7084996.000000
1375029.125000 7081888.000000
1430717.250000 7083898.000000
688465.437500 7084562.000000
716466.312500 7082401.000000
742137.750000 7079843.000000
843908.375000 7079953.000000
951455.562500 7085251.000000
1069314.125000 7089323.000000
1180124.750000 7085329.000000
1889734.375000 7082618.000000
1334875.750000 7082721.000000
1327634.750000 7082162.000000
1338871.875000 7089658.000000
1373692.625000 7078971.000000
1430408.000000 7084030.000000
1759494.250000 7085433.000000
1778326.500000 7082716.000000
1829661.250000 7078197.000000
1894252.000000 7085720.000000
753165.375000 7085708.000000
780526.937500 7079013.000000
811613.000000 7083588.000000
842951.500000 7084558.000000
947101.750000 7083528.000000
1066716.125000 7082051.000000
1194447.000000 7082665.000000
1338217.500000 7083550.000000
2124556.500000 7083906.000000
1520907.500000 7083238.000000
1535433.750000 7086842.000000
1575281.500000 7084379.000000
1629131.250000 7086383.000000
753159.000000 7078905.000000
782076.125000 7084470.000000
811769.875000 7084305.000000
843166.750000 7085618.000000
947952.062500 7085600.000000
1066669.750000 7079880.000000
1199288.500000 7087297.000000
1338914.750000 7085330.000000
2123208.000000 7083305.000000
1517878.875000 7081757.000000
1533673.750000 7084595.000000
1576906.250000 7086983.000000
1630807.500000 7085740.000000
753254.312500 7083631.000000
783429.687500 7083329.000000
811648.812500 7082115.000000
843092.125000 7090768.000000
947018.250000 7088184.000000
1065452.750000 7081497.000000
1197439.250000 7086905.000000
1336728.000000 7083031.000000
2119577.500000 7081397.000000
1521011.750000 7085432.000000
1531277.250000 7080448.000000
1574632.000000 7086397.000000
1628003.000000 7079681.000000
1860132.500000 7088984.000000
1910886.750000 7088265.000000
1978895.000000 7085408.000000
807911.875000 7083856.000000
837711.562500 7084863.000000
870539.375000 7087473.000000
904555.875000 7080971.000000
938503.250000 7088056.000000
1053232.000000 7078898.000000
1184556.000000 7087315.000000
1326106.375000 7084890.000000
1521301.875000 7083468.000000
2379955.000000 7080999.000000
1617256.250000 7083592.000000
1662589.375000 7086881.000000
1723295.750000 7086565.000000
809169.000000 7084223.000000
838417.625000 7088471.000000
870816.875000 7084350.000000
905701.125000 7088241.000000
937886.937500 7084381.000000
1054533.250000 7084689.000000
1183483.500000 7083685.000000
1327260.125000 7083032.000000
1517457.250000 7080027.000000
2380575.500000 7082348.000000
1619735.250000 7085817.000000
1663120.750000 7083547.000000
1722232.125000 7081723.000000
808571.625000 7084186.000000
839519.250000 7085843.000000
869309.250000 7081242.000000
904453.750000 7086427.000000
938050.625000 7082847.000000
1052917.250000 7082894.000000
1183481.125000 7086963.000000
1327721.625000 7083552.000000
1519343.250000 7084617.000000
2380142.000000 7088432.000000
1618785.250000 7086126.000000
1662832.250000 7083199.000000
1721598.500000 7083142.000000
2006218.000000 7084350.000000
2079299.625000 7083895.000000
881580.687500 7084681.000000
913516.500000 7086120.000000
946647.375000 7080932.000000
980347.875000 7081975.000000
1020391.187500 7081746.000000
1062846.375000 7085786.000000
1191507.750000 7085710.000000
1336907.375000 7083487.000000
1535747.000000 7085663.000000
1618432.500000 7086284.000000
2686868.750000 7080875.000000
1773792.750000 7081175.000000
1836406.000000 7088670.000000
882516.187500 7085738.000000
912462.625000 7080386.000000
945371.000000 7086117.000000
981251.187500 7084439.000000
1020933.375000 7086182.000000
1062391.625000 7078485.000000
1192869.875000 7082442.000000
1334962.250000 7082564.000000
1536884.750000 7087873.000000
1617787.625000 7082838.000000
2685189.250000 7085299.000000
1770164.000000 7082707.000000
1834567.500000 7083336.000000
880044.125000 7082322.000000
912164.312500 7086551.000000
945900.000000 7089142.000000
981679.750000 7083991.000000
1019285.750000 7079696.000000
1063268.625000 7082641.000000
1192581.375000 7085347.000000
1336679.500000 7083133.000000
1534461.250000 7085930.000000
1617995.750000 7083374.000000
2685918.000000 7086049.000000
1771406.375000 7085691.000000
1831248.250000 7082967.000000
2202816.500000 7084685.000000
977830.062500 7081512.000000
1010945.375000 7085893.000000
1043765.000000 7080116.000000
1081627.125000 7085423.000000
1123784.625000 7086452.000000
1175338.750000 7082767.000000
1230693.750000 7084578.000000
1375305.375000 7085938.000000
1573708.750000 7083200.000000
1664521.625000 7084977.000000
1772284.625000 7086663.000000
3047333.500000 7087518.000000
1971544.250000 7088344.000000
981495.375000 7083778.000000
1012774.000000 7084023.000000
1043591.000000 7082800.000000
1083613.750000 7082486.000000
1124492.500000 7084648.000000
1175507.125000 7081212.000000
1230964.500000 7078372.000000
1376528.750000 7087725.000000
1574532.000000 7083473.000000
1661643.125000 7081745.000000
1769834.250000 7082430.000000
3042988.000000 7086443.000000
1967125.250000 7078607.000000
979993.250000 7082579.000000
1011162.687500 7083806.000000
1046334.250000 7085322.000000
1082469.500000 7090792.000000
1122855.625000 7083587.000000
1175073.500000 7079932.000000
1230124.500000 7089159.000000
1373336.375000 7079393.000000
1573180.250000 7080705.000000
1660678.750000 7083416.000000
1769179.375000 7083868.000000
3044419.000000 7083005.000000
1970355.000000 7083140.000000
1150668.500000 7080148.000000
1199384.250000 7085572.000000
1234748.375000 7083192.000000
1276869.750000 7085644.000000
1232456.250000 7085526.000000
1293804.750000 7081693.000000
1359434.500000 7083587.000000
1432431.500000 7087281.000000
1631524.625000 7086212.000000
1720126.750000 7081987.000000
1835360.500000 7087346.000000
1970104.750000 7084809.000000
3484108.500000 7083961.000000
1151987.500000 7081785.000000
1198596.625000 7082261.000000
1238208.625000 7082449.000000
1278318.250000 7084879.000000
1234249.000000 7084996.000000
1294177.500000 7081623.000000
1359977.625000 7081801.000000
1430387.250000 7083301.000000
1630693.500000 7083138.000000
1721210.750000 7082928.000000
1834092.000000 7085437.000000
1967447.375000 7078491.000000
3482690.000000 7081984.000000
1154162.625000 7084324.000000
1196869.875000 7087619.000000
1236215.500000 7082570.000000
1278521.750000 7086795.000000
1232718.000000 7086706.000000
1295074.250000 7085259.000000
1360572.750000 7081299.000000
1428263.750000 7079331.000000
1628251.125000 7084355.000000
1721244.250000 7081549.000000
1835311.750000 7086325.000000
1968405.750000 7085285.000000
3482838.500000 7079194.000000
924569.125000 7084149.000000
964080.437500 7083003.000000
994861.125000 7085021.000000
938877.375000 7082351.000000
904954.500000 7083132.000000
942504.625000 7079080.000000
987557.187500 7085965.000000
1053121.250000 7081150.000000
1110554.750000 7087103.000000
1187342.500000 7083394.000000
1289390.750000 7083100.000000
1459759.875000 7082616.000000
1103890.250000 7088027.000000
635575.125000 7083090.000000
678900.187500 7086263.000000
708934.000000 7082886.000000
648494.500000 7084249.000000
609639.000000 7079559.000000
646828.625000 7082619.000000
688825.375000 7083270.000000
752317.875000 7079433.000000
808344.875000 7083650.000000
882456.125000 7083875.000000
980150.000000 7081157.000000
1150514.375000 7081015.000000
1104224.750000 7081237.000000
636270.312500 7089559.000000
676074.312500 7080635.000000
710220.250000 7083786.000000
648865.062500 7084788.000000
610527.062500 7083506.000000
646654.187500 7085919.000000
688872.562500 7083306.000000
753490.625000 7083490.000000
808799.125000 7083236.000000
882393.937500 7084288.000000
978836.625000 7082507.000000
1151038.625000 7080140.000000
1043479.562500 7084453.000000
1087823.000000 7087109.000000
1031066.500000 7083297.000000
991552.875000 7085772.000000
964784.500000 7084276.000000
1013177.750000 7087616.000000
1078431.875000 7084733.000000
1136201.500000 7084415.000000
1217061.750000 7089815.000000
1314356.750000 7082387.000000
1502213.000000 7082142.000000
635626.125000 7082685.000000
1159620.250000 7079977.000000
763727.375000 7085571.000000
810121.125000 7087977.000000
747881.437500 7083397.000000
704240.500000 7081257.000000
671970.125000 7082650.000000
717925.250000 7088234.000000
783278.375000 7086605.000000
837435.750000 7078780.000000
914155.375000 7086868.000000
1009730.937500 7086754.000000
1198315.625000 7086808.000000
636226.125000 7082038.000000
1159586.625000 7087122.000000
763989.500000 7089265.000000
808211.750000 7081796.000000
748821.312500 7083783.000000
704835.000000 7089981.000000
671838.625000 7084871.000000
717486.312500 7089839.000000
781730.375000 7086819.000000
837545.750000 7083886.000000
912110.375000 7080899.000000
1011417.875000 7082069.000000
1198431.000000 7086060.000000
1165272.750000 7085668.000000
1125247.000000 7089836.000000
1087326.625000 7087786.000000
1054029.250000 7083246.000000
1034121.250000 7084105.000000
1105189.500000 7081722.000000
1165598.250000 7080197.000000
1243800.250000 7085364.000000
1346536.125000 7082918.000000
1537447.625000 7092289.000000
676937.187500 7084493.000000
763567.875000 7085970.000000
1228628.250000 7084826.000000
894873.500000 7080698.000000
848381.750000 7077248.000000
806265.375000 7082089.000000
766706.687500 7082121.000000
743878.250000 7083141.000000
811168.375000 7086046.000000
868826.875000 7082440.000000
946479.500000 7081996.000000
1045515.812500 7082424.000000
1236600.375000 7083809.000000
678895.250000 7087267.000000
762622.500000 7080551.000000
1227012.000000 7082252.000000
896072.937500 7082889.000000
848408.187500 7083078.000000
805427.125000 7080984.000000
768148.687500 7078046.000000
742750.125000 7086797.000000
812830.750000 7084020.000000
869263.687500 7084437.000000
944292.437500 7082329.000000
1043633.875000 7084055.000000
1237806.250000 7083927.000000
1207932.875000 7085183.000000
1181120.750000 7084189.000000
1151285.250000 7084624.000000
1127114.000000 7082270.000000
1129448.500000 7084655.000000
1195949.125000 7082111.000000
1276630.750000 7085481.000000
1381169.625000 7088414.000000
1572073.875000 7084880.000000
708764.500000 7080276.000000
808405.812500 7089833.000000
894349.062500 7085502.000000
1318425.750000 7084031.000000
941077.750000 7087562.000000
909306.125000 7081830.000000
874664.000000 7087073.000000
842310.250000 7078853.000000
843481.125000 7085234.000000
903777.750000 7081602.000000
982730.562500 7090093.000000
1081811.500000 7086364.000000
1276525.625000 7080596.000000
708729.312500 7086415.000000
808386.375000 7085569.000000
894860.375000 7081157.000000
1318891.000000 7087727.000000
940595.750000 7087918.000000
911533.812500 7085199.000000
873879.250000 7081809.000000
844357.875000 7079080.000000
842458.875000 7085635.000000
902649.375000 7079422.000000
982673.000000 7085626.000000
1082631.500000 7086050.000000
1276089.750000 7083215.000000
1268356.625000 7081784.000000
1250719.625000 7089454.000000
1227984.000000 7079256.000000
1228792.375000 7083101.000000
1226417.000000 7083288.000000
1310902.250000 7081647.000000
1413247.500000 7080874.000000
1531379.250000 7087811.000000
647926.437500 7081353.000000
748912.750000 7086682.000000
850077.500000 7082441.000000
939675.687500 7082196.000000
1427447.500000 7080532.000000
1003853.625000 7085400.000000
980271.500000 7085705.000000
953417.812500 7083833.000000
948443.125000 7078691.000000
937919.000000 7083934.000000
1020156.312500 7086607.000000
1124027.750000 7081017.000000
1231718.750000 7086385.000000
648639.062500 7080063.000000
747613.500000 7082819.000000
849779.375000 7086391.000000
940012.250000 7088761.000000
1429470.250000 7086283.000000
1003779.687500 7083767.000000
981116.875000 7084981.000000
953240.375000 7081966.000000
947003.750000 7085756.000000
939480.250000 7088875.000000
1022404.812500 7088060.000000
1125021.375000 7083872.000000
1232536.000000 7084557.000000
1343278.750000 7085908.000000
1334299.000000 7085444.000000
1339150.250000 7085937.000000
1331654.000000 7086597.000000
1349036.500000 7078019.000000
1464925.500000 7081182.000000
1588607.500000 7083014.000000
611210.875000 7079754.000000
703292.375000 7078793.000000
806900.187500 7090758.000000
909181.875000 7079755.000000
1003547.937500 7085580.000000
1555442.250000 7089478.000000
1082914.625000 7081007.000000
1068454.625000 7083888.000000
1066232.875000 7080653.000000
1054481.375000 7086757.000000
1064081.000000 7088052.000000
1172634.000000 7079649.000000
1295565.500000 7083677.000000
610674.062500 7084215.000000
704445.562500 7083250.000000
807369.125000 7084867.000000
909999.312500 7085182.000000
1004503.125000 7083925.000000
1554107.875000 7083734.000000
1081699.750000 7085873.000000
1068440.875000 7083585.000000
1068686.875000 7088631.000000
1053680.500000 7085220.000000
1063315.625000 7086083.000000
1176667.500000 7080366.000000
1295859.250000 7085982.000000
1435370.750000 7086772.000000
1455489.625000 7083634.000000
1450819.000000 7078638.000000
1467665.750000 7083034.000000
1512302.875000 7083221.000000
1648402.125000 7088614.000000
646620.375000 7081998.000000
672171.437500 7083699.000000
768231.062500 7090823.000000
874650.562500 7085081.000000
980609.750000 7083304.000000
1081039.375000 7083114.000000
1705153.500000 7082731.000000
1179702.625000 7091053.000000
1196407.625000 7087005.000000
1184160.875000 7086979.000000
1191858.000000 7085374.000000
1230519.750000 7082547.000000
1359811.000000 7081236.000000
646550.375000 7086866.000000
671658.437500 7082596.000000
766764.187500 7079388.000000
874338.500000 7082819.000000
979346.687500 7082545.000000
1082324.250000 7084666.000000
1707354.250000 7084361.000000
1180337.750000 7086030.000000
1197280.750000 7084302.000000
1185115.500000 7084736.000000
1195009.500000 7085535.000000
1230375.000000 7088129.000000
1358981.875000 7081973.000000
1586369.000000 7082084.000000
1584337.000000 7083326.000000
1601226.750000 7087426.000000
1642890.000000 7083120.000000
1710829.000000 7078004.000000
687678.500000 7087009.000000
716761.625000 7082263.000000
742926.500000 7082946.000000
844112.125000 7090565.000000
953991.125000 7084678.000000
1066265.625000 7083494.000000
1180089.000000 7084560.000000
1890358.000000 7084713.000000
1336331.750000 7086207.000000
1327841.250000 7084414.000000
1337025.125000 7083957.000000
1375628.500000 7082984.000000
1428994.750000 7082770.000000
689384.375000 7086579.000000
717279.812500 7083841.000000
742618.375000 7085660.000000
844561.562500 7086258.000000
952942.375000 7082884.000000
1067428.625000 7083584.000000
1178315.250000 7081480.000000
1893240.750000 7082335.000000
1338407.500000 7086618.000000
1327872.500000 7089900.000000
1336375.250000 7082782.000000
1374647.000000 7087646.000000
1433882.000000 7086002.000000
1761443.750000 7083455.000000
1781983.250000 7084395.000000
1829643.250000 7082526.000000
1894273.750000 7082670.000000
752747.250000 7084064.000000
782389.625000 7089478.000000
811311.375000 7083080.000000
842831.125000 7084264.000000
947943.375000 7083039.000000
1065165.750000 7081716.000000
1196902.375000 7084147.000000
1337552.750000 7084360.000000
2121601.750000 7080465.000000
1520832.625000 7084150.000000
1533434.500000 7085707.000000
1572436.000000 7080784.000000
1631609.250000 7086715.000000
751463.250000 7083199.000000
781334.562500 7083609.000000
813603.937500 7086109.000000
842833.812500 7083834.000000
945181.625000 7075732.000000
1068078.000000 7084177.000000
1197293.875000 7082707.000000
1336169.125000 7080163.000000
2123413.250000 7086475.000000
1520356.500000 7082931.000000
1533613.125000 7080869.000000
1573787.250000 7082475.000000
1629113.375000 7084289.000000
1858095.500000 7082346.000000
1908749.875000 7080858.000000
1976223.625000 7082334.000000
808437.625000 7085269.000000
838122.875000 7083999.000000
870765.312500 7090075.000000
905237.937500 7082303.000000
937009.500000 7083135.000000
1053289.375000 7082079.000000
1182955.500000 7088691.000000
1325581.750000 7084082.000000
1522764.000000 7087877.000000
2381380.000000 7087089.000000
1619051.500000 7085684.000000
1662351.625000 7080054.000000
1722288.750000 7084357.000000
807513.187500 7084135.000000
840117.250000 7087345.000000
869706.500000 7082473.000000
905016.750000 7079904.000000
940119.187500 7086545.000000
1052166.000000 7081629.000000
1184001.875000 7080963.000000
1326917.875000 7083440.000000
1518983.250000 7083297.000000
2379604.750000 7085060.000000
1617515.000000 7083920.000000
1660759.875000 7082728.000000
1720252.000000 7079534.000000
2006552.500000 7080589.000000
2080168.000000 7082814.000000
882979.375000 7080907.000000
913882.250000 7086696.000000
945222.187500 7083033.000000
980705.875000 7084355.000000
1021957.062500 7080954.000000
1063529.000000 7083524.000000
1190826.375000 7079821.000000
1338470.500000 7085624.000000
1533685.125000 7080645.000000
1616777.875000 7078867.000000
2686483.000000 7085397.000000
1771506.250000 7084312.000000
1835461.750000 7087572.000000
882162.875000 7087116.000000
914260.125000 7086235.000000
947302.250000 7085040.000000
981440.000000 7083346.000000
1020136.000000 7087089.000000
1063550.625000 7081006.000000
1190475.500000 7079513.000000
1337263.125000 7085532.000000
1532853.250000 7083150.000000
1617389.750000 7085259.000000
2686489.250000 7085411.000000
1772045.625000 7086234.000000
1831768.375000 7084735.000000
2203103.500000 7083075.000000
980232.000000 7082145.000000
1009717.875000 7082379.000000
1045053.062500 7080820.000000
1081285.250000 7080401.000000
1124177.125000 7080014.000000
1175167.125000 7081269.000000
1230063.000000 7086327.000000
1375390.500000 7088022.000000
1571576.125000 7082547.000000
1662217.000000 7083308.000000
1771211.125000 7085818.000000
3041667.500000 7081132.000000
1970446.375000 7090307.000000
979256.500000 7087341.000000
1010675.125000 7081364.000000
1043836.250000 7084402.000000
1079886.500000 7078013.000000
1124315.750000 7083210.000000
1174246.125000 7081813.000000
1230916.625000 7086546.000000
1374543.125000 7082084.000000
1573907.625000 7084645.000000
1662395.250000 7082379.000000
1770714.625000 7084534.000000
3043396.750000 7086297.000000
1972268.750000 7085498.000000
1152311.625000 7082662.000000
1197844.750000 7087525.000000
1236352.750000 7082625.000000
1275478.000000 7078757.000000
1233479.125000 7081274.000000
1294788.625000 7086059.000000
1360558.750000 7082033.000000
1430890.875000 7084107.000000
1627999.000000 7080207.000000
1721651.000000 7084793.000000
1837021.500000 7088707.000000
1968758.875000 7079992.000000
3486051.500000 7086611.000000
1153207.875000 7082732.000000
1198041.750000 7087763.000000
1235959.750000 7083253.000000
1276093.375000 7081957.000000
1233018.875000 7087092.000000
1297839.625000 7089345.000000
1360683.500000 7081954.000000
1431211.875000 7085854.000000
1631108.250000 7082061.000000
1722542.500000 7088148.000000
1834693.750000 7086914.000000
1969705.500000 7085896.000000
3483036.000000 7085860.000000
923917.875000 7089088.000000
964958.375000 7087598.000000
992070.625000 7082063.000000
938510.625000 7083379.000000
905404.500000 7086849.000000
943830.375000 7085583.000000
986849.875000 7082272.000000
1052210.375000 7081923.000000
1109476.000000 7084153.000000
1187165.250000 7086254.000000
1287231.000000 7082060.000000
1460512.125000 7087644.000000
1103136.125000 7085830.000000
635903.875000 7082679.000000
678455.375000 7084704.000000
708761.625000 7081259.000000
649156.000000 7083313.000000
610098.875000 7080478.000000
648647.500000 7084266.000000
687893.500000 7081350.000000
753329.875000 7079643.000000
809267.000000 7086947.000000
883842.000000 7082630.000000
981049.125000 7090330.000000
1153423.875000 7083050.000000
1042649.187500 7082957.000000
1086759.125000 7085382.000000
1032113.125000 7080949.000000
992924.812500 7088914.000000
965012.875000 7082795.000000
1012911.000000 7086828.000000
1079049.625000 7085131.000000
1137935.875000 7088164.000000
1214991.250000 7084198.000000
1315481.500000 7081467.000000
1502723.500000 7083179.000000
636151.250000 7087215.000000
1157405.500000 7075329.000000
762632.000000 7077687.000000
808564.625000 7083861.000000
747170.500000 7082651.000000
705716.687500 7084127.000000
672703.937500 7086916.000000
717221.062500 7081974.000000
781291.500000 7084581.000000
837754.000000 7084528.000000
912590.687500 7084089.000000
1011553.625000 7082568.000000
1196290.125000 7083102.000000
1164823.250000 7081171.000000
1125279.250000 7084415.000000
1086203.625000 7080353.000000
1054706.500000 7083977.000000
1034700.875000 7083985.000000
1105032.375000 7085700.000000
1163612.375000 7083195.000000
1243633.250000 7083118.000000
1347577.125000 7082911.000000
1538172.125000 7084247.000000
678625.125000 7080948.000000
764378.187500 7080618.000000
1230660.625000 7083105.000000
896054.250000 7082992.000000
848864.125000 7081221.000000
807383.250000 7083682.000000
766868.250000 7086153.000000
741785.625000 7080802.000000
812832.750000 7079223.000000
869992.875000 7082448.000000
946540.250000 7082846.000000
1043350.187500 7081243.000000
1235781.500000 7084533.000000
1207106.500000 7083028.000000
1182868.000000 7083746.000000
1151802.000000 7083302.000000
1126020.375000 7082863.000000
1130342.250000 7080916.000000
1196413.375000 7085074.000000
1275795.625000 7083904.000000
1379320.125000 7083486.000000
1572166.875000 7082168.000000
708133.000000 7084107.000000
808134.500000 7086845.000000
897105.062500 7080642.000000
1318909.875000 7088477.000000
939623.000000 7080281.000000
910072.625000 7086144.000000
874545.125000 7083071.000000
844610.375000 7083673.000000
843569.562500 7084711.000000
903835.500000 7081792.000000
982102.750000 7087494.000000
1083034.750000 7083125.000000
1277217.375000 7082938.000000
1269839.250000 7087054.000000
1251074.500000 7085223.000000
1226628.500000 7077828.000000
1227191.625000 7079584.000000
1226202.000000 7080916.000000
1311405.000000 7083927.000000
1417012.000000 7086861.000000
1530641.250000 7084930.000000
649396.875000 7089893.000000
748472.187500 7088334.000000
849672.250000 7086588.000000
939512.812500 7081439.000000
1428024.250000 7087093.000000
1003602.812500 7083692.000000
981364.375000 7082301.000000
954430.625000 7083910.000000
947610.125000 7081902.000000
937921.937500 7084107.000000
1018470.625000 7082724.000000
1126262.625000 7087726.000000
1235579.500000 7087233.000000
1342685.750000 7079021.000000
1336792.500000 7089283.000000
1334515.250000 7078796.000000
1331015.500000 7080103.000000
1348608.000000 7083358.000000
1463384.250000 7089169.000000
1589628.875000 7085301.000000
609533.062500 7082220.000000
702740.875000 7079507.000000
807148.500000 7086341.000000
910798.000000 7084523.000000
1002407.187500 7084647.000000
1552643.000000 7084932.000000
1081295.125000 7086329.000000
1069452.375000 7083701.000000
1065087.000000 7083274.000000
1053124.375000 7085184.000000
1064361.125000 7087548.000000
1176488.500000 7084771.000000
1295780.125000 7082554.000000
1437927.750000 7085035.000000
1456465.250000 7084813.000000
1454133.500000 7084974.000000
1466904.500000 7081478.000000
1513776.125000 7087613.000000
1646158.625000 7084043.000000
648204.312500 7087275.000000
672292.812500 7086169.000000
768042.687500 7084553.000000
874249.250000 7084352.000000
980312.625000 7083820.000000
1080849.375000 7084974.000000
1707570.500000 7084754.000000
1179184.125000 7084754.000000
1196691.250000 7081098.000000
1183037.375000 7083293.000000
1191549.000000 7077748.000000
1230790.250000 7085300.000000
1359774.250000 7083455.000000
1587094.125000 7086904.000000
1583183.750000 7082704.000000
1601912.750000 7083161.000000
1644851.000000 7083398.000000
1707723.125000 7083320.000000
689760.250000 7083857.000000
717373.062500 7087879.000000
743378.875000 7086551.000000
843884.250000 7083279.000000
952976.500000 7080265.000000
1068750.375000 7087254.000000
1179440.375000 7081951.000000
1893226.375000 7089240.000000
1336421.000000 7086112.000000
1326987.750000 7084954.000000
1337980.000000 7088108.000000
1372260.500000 7079932.000000
1428487.500000 7081814.000000
1761006.750000 7080902.000000
1783528.125000 7087568.000000
1828880.250000 7086712.000000
1894696.625000 7090041.000000
754493.500000 7078149.000000
781095.812500 7084539.000000
811692.875000 7085525.000000
842874.062500 7085790.000000
947809.437500 7084202.000000
1066101.750000 7082993.000000
1196839.125000 7082057.000000
1337139.875000 7084448.000000
2122217.500000 7079186.000000
1520874.250000 7085502.000000
1534442.750000 7086341.000000
1573917.625000 7081918.000000
1628400.250000 7079603.000000
1859056.250000 7091215.000000
1909780.625000 7085044.000000
1977423.375000 7085780.000000
807281.500000 7080276.000000
836642.437500 7083565.000000
868511.437500 7083035.000000
903744.000000 7078982.000000
936882.812500 7083370.000000
1054389.875000 7083848.000000
1183208.250000 7084629.000000
1328557.750000 7085565.000000
1520245.250000 7087206.000000
2380385.500000 7081777.000000
1619861.125000 7086655.000000
1661464.375000 7088009.000000
1720801.500000 7081614.000000
2006188.375000 7088822.000000
2074798.000000 7079864.000000
882146.500000 7079361.000000
912244.000000 7081951.000000
947808.375000 7086135.000000
981431.687500 7084106.000000
1021438.625000 7085832.000000
1062878.500000 7086929.000000
1192402.000000 7081911.000000
1337503.000000 7088913.000000
1534034.000000 7083303.000000
1618088.125000 7081462.000000
2682868.000000 7079143.000000
1772712.750000 7082839.000000
1833667.750000 7081529.000000
2204865.250000 7082999.000000
979629.250000 7083697.000000
1010394.625000 7083431.000000
1046055.937500 7084771.000000
1082666.000000 7088386.000000
1124241.625000 7081233.000000
1175123.500000 7080321.000000
1229284.375000 7080166.000000
1373864.375000 7085103.000000
1575011.000000 7084204.000000
1662247.750000 7087168.000000
1772181.625000 7083933.000000
3046391.750000 7087347.000000
1969044.625000 7078868.000000
1150527.500000 7079743.000000
1197795.625000 7084924.000000
1237220.375000 7083083.000000
1277865.000000 7079322.000000
1233436.875000 7084746.000000
1294398.125000 7090780.000000
1362988.125000 7084804.000000
1429592.125000 7082925.000000
1632970.500000 7087172.000000
1722330.500000 7083784.000000
1831968.000000 7084135.000000
1967324.500000 7082151.000000
3483465.000000 7084851.000000
924300.750000 7079430.000000
964376.375000 7083512.000000
995307.187500 7086121.000000
938997.500000 7088056.000000
905943.000000 7082844.000000
943418.125000 7082455.000000
987997.375000 7091260.000000
1050880.500000 7080460.000000
1110840.875000 7084964.000000
1185659.625000 7085925.000000
1290193.500000 7087681.000000
1461400.625000 7083257.000000
1044003.625000 7083529.000000
1085472.625000 7083586.000000
1032535.875000 7085367.000000
992342.500000 7089053.000000
965720.812500 7082008.000000
1011163.500000 7083302.000000
1077394.000000 7081609.000000
1138426.000000 7084862.000000
1214929.625000 7088437.000000
1316284.500000 7084534.000000
1502797.625000 7085107.000000
1167995.500000 7085879.000000
1124866.750000 7083843.000000
1087456.500000 7085470.000000
1055236.125000 7081821.000000
1034102.125000 7086889.000000
1103104.000000 7080692.000000
1164593.500000 7085151.000000
1243473.500000 7083344.000000
1346176.625000 7084549.000000
1535996.750000 7083266.000000
1206646.625000 7082636.000000
1183593.125000 7084617.000000
1151830.000000 7086786.000000
1127106.000000 7082967.000000
1132091.875000 7084773.000000
1198310.625000 7086180.000000
1275162.625000 7083045.000000
1379076.625000 7083948.000000
1574475.000000 7084662.000000
1267697.250000 7081312.000000
1249510.125000 7084643.000000
1229687.750000 7083838.000000
1228169.250000 7080444.000000
1223731.375000 7079820.000000
1311570.500000 7083205.000000
1417410.875000 7084192.000000
1532612.875000 7088133.000000
1344064.500000 7082335.000000
1333744.375000 7082828.000000
1335465.625000 7078434.000000
1332869.250000 7079264.000000
1349252.500000 7081763.000000
1463231.375000 7081752.000000
1589462.000000 7085789.000000
1434151.250000 7080653.000000
1457990.750000 7087598.000000
1450452.125000 7080311.000000
1468563.000000 7085505.000000
1512315.875000 7086116.000000
1646591.750000 7081782.000000
1584852.375000 7079771.000000
1581677.250000 7079384.000000
1600637.625000 7086342.000000
1645660.500000 7081382.000000
1713524.000000 7087100.000000
1761688.750000 7082034.000000
1781715.125000 7082450.000000
1830174.125000 7088183.000000
1893337.250000 7084287.000000
1858265.000000 7085409.000000
1908790.000000 7084520.000000
1977932.000000 7087861.000000
2006388.000000 7082668.000000
2078160.375000 7083939.000000
2201719.750000 7084682.000000
