633867.437500 6420236.000000
662423.500000 6420265.000000
679748.250000 6421068.000000
628705.000000 6422705.000000
593436.625000 6418143.000000
610450.500000 6420437.000000
636188.562500 6420711.000000
681167.062500 6418206.000000
717952.500000 6424609.000000
766730.375000 6416521.000000
833902.062500 6419404.000000
949949.375000 6420545.000000
808805.187500 6419793.000000
394363.500000 6417776.000000
424649.781250 6417403.000000
442484.062500 6418658.000000
385793.937500 6417430.000000
346936.062500 6420083.000000
360934.125000 6419849.000000
380626.843750 6415203.000000
421304.062500 6417371.000000
452071.437500 6421025.000000
496119.906250 6419337.000000
555349.500000 6418368.000000
665461.750000 6419348.000000
808659.375000 6419943.000000
394525.968750 6416099.000000
426617.000000 6419870.000000
442730.687500 6419202.000000
386660.218750 6421485.000000
347984.062500 6422364.000000
361658.156250 6421339.000000
381604.781250 6416643.000000
422528.000000 6419033.000000
452199.343750 6419365.000000
495572.125000 6419238.000000
554524.062500 6419446.000000
665491.437500 6421677.000000
809524.875000 6420894.000000
393776.031250 6418000.000000
425284.437500 6417473.000000
442781.843750 6419548.000000
385956.281250 6419600.000000
347174.062500 6421671.000000
362200.062500 6421087.000000
381082.218750 6414881.000000
420564.437500 6423787.000000
451295.437500 6415557.000000
496471.875000 6420777.000000
556655.562500 6421634.000000
665700.750000 6415926.000000
717600.562500 6422684.000000
747167.375000 6417195.000000
696552.812500 6417775.000000
653536.187500 6419023.000000
624224.375000 6418559.000000
647084.500000 6414644.000000
692572.500000 6416139.000000
730642.750000 6420998.000000
778213.562500 6422281.000000
845999.750000 6418679.000000
974080.000000 6419089.000000
393745.312500 6421021.000000
818094.375000 6421217.000000
482041.250000 6421179.000000
515213.875000 6418122.000000
457150.781250 6419196.000000
410808.625000 6423505.000000
374603.156250 6420485.000000
394694.187500 6423292.000000
434614.625000 6420050.000000
465456.062500 6418536.000000
508216.531250 6419250.000000
570304.500000 6421407.000000
694410.250000 6421146.000000
395100.156250 6420475.000000
816793.437500 6415174.000000
482541.562500 6418719.000000
516149.031250 6422776.000000
458387.718750 6418314.000000
411584.781250 6420072.000000
374088.625000 6417544.000000
393651.781250 6419320.000000
434213.750000 6423375.000000
464676.750000 6419345.000000
506772.531250 6416526.000000
569665.750000 6422537.000000
693280.937500 6418747.000000
393319.406250 6413912.000000
817530.312500 6417484.000000
483080.531250 6424401.000000
515355.937500 6424175.000000
458469.718750 6413556.000000
409973.218750 6417227.000000
374915.000000 6420567.000000
393067.625000 6419445.000000
434571.125000 6426162.000000
464974.000000 6419186.000000
509447.312500 6425027.000000
569064.750000 6417533.000000
693518.000000 6421102.000000
803500.062500 6417145.000000
763537.625000 6420638.000000
725147.750000 6420400.000000
684227.500000 6417569.000000
660760.625000 6420301.000000
703941.500000 6418102.000000
741653.437500 6418716.000000
792720.250000 6419976.000000
860296.812500 6418656.000000
994569.312500 6417232.000000
425424.375000 6423647.000000
482359.937500 6419483.000000
832479.562500 6419821.000000
573479.187500 6418229.000000
530185.062500 6416739.000000
485237.312500 6416476.000000
440046.656250 6421824.000000
409094.031250 6422399.000000
448382.781250 6419350.000000
479881.718750 6421310.000000
523178.500000 6417387.000000
583491.187500 6415086.000000
712836.562500 6418156.000000
425955.500000 6421432.000000
483205.687500 6424194.000000
832845.375000 6416262.000000
573474.125000 6416765.000000
530615.437500 6423944.000000
485871.750000 6421759.000000
441331.437500 6417966.000000
409130.375000 6422375.000000
447176.750000 6417708.000000
479032.781250 6422022.000000
524783.250000 6418383.000000
584386.062500 6416011.000000
713637.562500 6417134.000000
426269.375000 6423960.000000
483086.687500 6419677.000000
833266.625000 6412231.000000
575048.937500 6415897.000000
531494.250000 6420308.000000
485935.218750 6424008.000000
440559.812500 6418993.000000
408447.000000 6418772.000000
448348.406250 6419330.000000
479433.468750 6422613.000000
523400.187500 6413455.000000
585480.937500 6425746.000000
713670.000000 6418438.000000
819002.625000 6416936.000000
792201.062500 6420199.000000
756766.125000 6417582.000000
724325.375000 6418713.000000
719872.375000 6419914.000000
756692.562500 6421254.000000
807792.250000 6419106.000000
877949.437500 6420933.000000
1013001.375000 6419747.000000
443209.468750 6420962.000000
514600.218750 6419400.000000
572815.750000 6421154.000000
856676.937500 6415981.000000
591438.875000 6420378.000000
558551.562500 6418874.000000
515853.468750 6416554.000000
475596.156250 6419371.000000
464253.343750 6418721.000000
494488.031250 6419694.000000
540736.500000 6420074.000000
603118.437500 6421208.000000
733902.062500 6421301.000000
443263.750000 6421247.000000
516285.593750 6423436.000000
574701.750000 6421682.000000
855175.750000 6415893.000000
591244.312500 6418816.000000
560098.000000 6425224.000000
515806.468750 6418460.000000
475367.656250 6415925.000000
465054.531250 6418473.000000
495498.031250 6420354.000000
540642.250000 6420696.000000
603076.125000 6421708.000000
733487.937500 6419137.000000
441469.781250 6420461.000000
514309.125000 6416101.000000
574637.062500 6416955.000000
856324.062500 6413641.000000
591705.250000 6419019.000000
558436.375000 6417025.000000
516352.656250 6419315.000000
475976.781250 6420316.000000
464612.031250 6420399.000000
495295.125000 6420582.000000
539604.187500 6419351.000000
603250.187500 6423759.000000
733684.875000 6418482.000000
846295.187500 6418858.000000
824681.750000 6419789.000000
796070.375000 6417639.000000
784145.875000 6421661.000000
775213.687500 6420264.000000
827839.562500 6417216.000000
896464.500000 6422944.000000
975705.625000 6418221.000000
385786.843750 6421549.000000
458790.468750 6418614.000000
531389.250000 6418549.000000
592854.187500 6420838.000000
906620.437500 6419310.000000
617798.937500 6414080.000000
589385.500000 6419011.000000
553884.187500 6424863.000000
535148.500000 6423378.000000
515851.218750 6422406.000000
562010.312500 6424299.000000
624045.187500 6417594.000000
696625.937500 6418236.000000
385756.656250 6422928.000000
458686.750000 6420852.000000
530255.125000 6414253.000000
591422.187500 6417315.000000
905504.312500 6416376.000000
619461.125000 6415689.000000
589834.375000 6420155.000000
553304.312500 6419208.000000
534120.500000 6419761.000000
515177.718750 6415069.000000
560753.250000 6422900.000000
625870.125000 6421792.000000
694960.250000 6416243.000000
385754.937500 6424471.000000
458440.656250 6420950.000000
531594.125000 6419957.000000
592164.312500 6416195.000000
905614.125000 6419924.000000
618624.187500 6418344.000000
588897.375000 6416535.000000
551483.812500 6418413.000000
534403.000000 6418403.000000
514883.531250 6412654.000000
560312.812500 6421780.000000
626070.562500 6419212.000000
695472.562500 6422337.000000
884051.812500 6420787.000000
867968.875000 6420030.000000
861438.125000 6419950.000000
844689.812500 6420546.000000
850808.250000 6420343.000000
921735.687500 6418951.000000
1004385.312500 6422987.000000
346902.906250 6416077.000000
410855.718750 6419642.000000
485340.281250 6424261.000000
558417.812500 6424334.000000
618068.562500 6421317.000000
954236.875000 6420266.000000
652947.375000 6420896.000000
631328.375000 6423024.000000
617836.187500 6420668.000000
591367.750000 6422015.000000
587540.062500 6425535.000000
654391.500000 6421838.000000
726106.562500 6421345.000000
346903.031250 6415845.000000
409382.906250 6417562.000000
484006.781250 6413765.000000
558358.875000 6419815.000000
617192.125000 6422261.000000
956215.562500 6424127.000000
653508.687500 6420774.000000
632373.625000 6418995.000000
618582.437500 6423708.000000
590583.750000 6419870.000000
587067.125000 6418589.000000
654611.687500 6422001.000000
727013.562500 6417231.000000
346604.125000 6420856.000000
411137.687500 6421599.000000
484882.125000 6419919.000000
560403.625000 6423518.000000
617936.500000 6419104.000000
956046.687500 6411385.000000
654469.625000 6422727.000000
631166.000000 6417177.000000
617084.062500 6417664.000000
591797.062500 6419684.000000
587950.000000 6419778.000000
653757.812500 6420057.000000
727455.312500 6420853.000000
931873.937500 6422468.000000
945736.750000 6420795.000000
927889.062500 6424558.000000
927859.500000 6419416.000000
954883.750000 6421592.000000
1040814.500000 6419626.000000
362233.031250 6420369.000000
374594.656250 6420740.000000
441108.468750 6418154.000000
516724.937500 6420690.000000
589070.687500 6418288.000000
654148.812500 6416811.000000
1023469.437500 6418258.000000
701757.187500 6419881.000000
708025.312500 6419098.000000
680886.562500 6419209.000000
673384.250000 6423745.000000
689572.187500 6423133.000000
767542.875000 6422581.000000
361100.656250 6416611.000000
374313.750000 6418291.000000
440093.156250 6421174.000000
517231.656250 6421872.000000
590027.937500 6421915.000000
653779.750000 6420817.000000
1021357.562500 6413597.000000
702827.250000 6422784.000000
709819.250000 6421527.000000
681938.312500 6419161.000000
673256.250000 6420008.000000
690144.125000 6418038.000000
767392.500000 6421979.000000
361265.093750 6420384.000000
375228.562500 6418771.000000
439897.500000 6424125.000000
515913.781250 6419027.000000
590192.125000 6420584.000000
652792.875000 6419241.000000
1023030.375000 6417739.000000
702783.500000 6420213.000000
707972.437500 6415833.000000
683236.750000 6424098.000000
672108.562500 6419718.000000
688265.812500 6417599.000000
764531.437500 6417147.000000
1034645.187500 6420453.000000
1020653.875000 6420361.000000
1020158.187500 6417352.000000
1044842.375000 6412099.000000
1084907.000000 6420184.000000
381244.000000 6420833.000000
394684.125000 6422394.000000
407854.437500 6421274.000000
475207.625000 6415730.000000
553970.562500 6420987.000000
632660.750000 6424215.000000
701439.625000 6418382.000000
1108419.625000 6415965.000000
806548.812500 6419102.000000
781357.250000 6417709.000000
773731.625000 6417361.000000
789124.562500 6422968.000000
812803.250000 6418675.000000
381604.750000 6421281.000000
393189.250000 6418953.000000
409163.218750 6419496.000000
475937.156250 6418812.000000
554267.750000 6422993.000000
631202.937500 6417261.000000
700667.312500 6421219.000000
1109825.375000 6418403.000000
807502.500000 6420463.000000
783756.250000 6425878.000000
774775.812500 6417075.000000
789244.250000 6418702.000000
813896.000000 6418315.000000
381630.125000 6420649.000000
394865.281250 6420703.000000
408219.062500 6421624.000000
477212.625000 6421659.000000
553682.937500 6418629.000000
632716.062500 6420649.000000
701669.625000 6418381.000000
1109174.625000 6423262.000000
807784.000000 6419169.000000
782003.625000 6422211.000000
774494.062500 6419001.000000
786650.625000 6416292.000000
813418.875000 6418606.000000
1155921.000000 6420386.000000
1158274.750000 6418756.000000
1184460.500000 6416877.000000
1221478.250000 6421629.000000
421337.093750 6417107.000000
434446.125000 6415691.000000
447636.406250 6419825.000000
465771.562500 6421780.000000
533163.875000 6415319.000000
617558.812500 6418982.000000
709187.375000 6419355.000000
807593.187500 6416995.000000
1230769.250000 6416901.000000
930698.750000 6419304.000000
925951.062500 6418423.000000
940001.000000 6416956.000000
964082.250000 6421482.000000
421517.531250 6418816.000000
434100.687500 6419061.000000
448398.281250 6420089.000000
464063.218750 6418162.000000
534815.875000 6420519.000000
616612.875000 6419443.000000
707766.812500 6415301.000000
805830.750000 6422370.000000
1232065.375000 6419400.000000
930776.812500 6422363.000000
926275.812500 6422241.000000
941687.937500 6418965.000000
962197.875000 6417511.000000
422902.750000 6421126.000000
434733.093750 6419482.000000
448090.062500 6421537.000000
466161.156250 6416999.000000
535144.562500 6418988.000000
617212.312500 6416517.000000
708319.250000 6420602.000000
806074.437500 6415119.000000
1233815.750000 6417802.000000
929863.125000 6418113.000000
924240.062500 6417719.000000
941618.000000 6416738.000000
964864.812500 6422138.000000
1207882.250000 6415809.000000
1238286.375000 6419321.000000
1278454.750000 6419556.000000
452612.406250 6419277.000000
464591.593750 6416522.000000
479272.312500 6417551.000000
495147.437500 6419767.000000
514617.718750 6422190.000000
591950.500000 6422614.000000
682252.562500 6419254.000000
784187.250000 6423114.000000
931032.750000 6419979.000000
1394196.250000 6417720.000000
981464.500000 6422053.000000
1003203.375000 6416795.000000
1029637.187500 6420796.000000
452498.093750 6415229.000000
464875.937500 6421600.000000
478589.000000 6422041.000000
495725.437500 6421078.000000
515016.937500 6421332.000000
591941.625000 6419127.000000
680976.437500 6419765.000000
781229.125000 6417785.000000
929710.625000 6417690.000000
1396128.125000 6421830.000000
981247.937500 6420158.000000
1003329.312500 6421814.000000
1028632.000000 6421458.000000
452373.968750 6414987.000000
464917.468750 6425371.000000
478720.500000 6416585.000000
494376.500000 6415949.000000
515917.312500 6419997.000000
590556.437500 6422056.000000
681103.062500 6419790.000000
781702.625000 6422091.000000
929650.437500 6422756.000000
1391403.750000 6422058.000000
981190.500000 6418070.000000
1001676.062500 6420314.000000
1030538.812500 6419167.000000
1310477.750000 6418444.000000
1355875.125000 6420397.000000
494761.062500 6415206.000000
508913.187500 6421506.000000
522436.093750 6416610.000000
539436.750000 6417549.000000
559817.312500 6418681.000000
586176.687500 6419661.000000
673381.250000 6421816.000000
775260.750000 6421700.000000
924521.875000 6421676.000000
979149.625000 6414717.000000
1600358.125000 6418307.000000
1082688.375000 6417880.000000
1117484.250000 6422809.000000
495454.250000 6420699.000000
508761.906250 6417340.000000
523202.250000 6418261.000000
541071.937500 6420733.000000
559513.312500 6421191.000000
587822.937500 6420051.000000
672608.750000 6416949.000000
773364.937500 6421306.000000
925650.562500 6415865.000000
979502.375000 6415654.000000
1603867.875000 6420731.000000
1083402.000000 6418746.000000
1118149.875000 6423606.000000
495453.437500 6417491.000000
509499.406250 6419891.000000
523307.312500 6419006.000000
539246.812500 6415108.000000
561103.437500 6422810.000000
586093.062500 6416746.000000
672250.875000 6418829.000000
773452.437500 6417299.000000
926034.812500 6419117.000000
981131.687500 6422359.000000
1601963.000000 6421742.000000
1083342.625000 6419144.000000
1116901.000000 6427023.000000
1454561.000000 6419777.000000
555113.187500 6420247.000000
568979.062500 6417500.000000
584830.875000 6418155.000000
603706.312500 6425150.000000
624351.125000 6423137.000000
654139.312500 6425733.000000
689684.000000 6420039.000000
790742.375000 6424076.000000
940014.312500 6416314.000000
1003727.437500 6416650.000000
1082381.375000 6418433.000000
1872804.750000 6419987.000000
1230900.750000 6422820.000000
557427.312500 6417616.000000
569915.500000 6423914.000000
584493.062500 6416336.000000
603785.625000 6419011.000000
626375.562500 6422557.000000
653137.125000 6419977.000000
689998.250000 6419066.000000
787116.000000 6419633.000000
942217.312500 6418034.000000
1002845.562500 6417394.000000
1082192.375000 6421226.000000
1873891.625000 6418442.000000
1230124.625000 6416655.000000
555315.937500 6419934.000000
569565.437500 6420656.000000
585878.187500 6422831.000000
603539.375000 6421597.000000
623938.312500 6411289.000000
653497.625000 6421737.000000
688626.437500 6415904.000000
787733.000000 6422435.000000
940956.687500 6418053.000000
1001384.125000 6419701.000000
1082676.250000 6418459.000000
1871557.250000 6419667.000000
1230190.250000 6420831.000000
665225.625000 6418311.000000
695979.875000 6421076.000000
713595.375000 6414162.000000
734695.812500 6421791.000000
696396.250000 6422528.000000
726992.125000 6418884.000000
765254.875000 6422561.000000
813063.875000 6419511.000000
964148.750000 6420486.000000
1029939.312500 6422047.000000
1117440.250000 6419546.000000
1230846.625000 6420658.000000
2220178.000000 6417901.000000
665712.000000 6421896.000000
694484.500000 6423194.000000
714086.062500 6419452.000000
732832.875000 6418334.000000
696042.250000 6418752.000000
725617.125000 6415427.000000
765593.937500 6420503.000000
813974.562500 6417780.000000
965127.687500 6419749.000000
1030061.687500 6416642.000000
1114333.000000 6417215.000000
1228122.125000 6417452.000000
2219277.250000 6422036.000000
665380.812500 6414021.000000
693346.375000 6419923.000000
714382.062500 6418727.000000
734469.500000 6417191.000000
695298.687500 6418259.000000
728130.375000 6420173.000000
764418.875000 6421137.000000
815304.687500 6418838.000000
963164.812500 6420001.000000
1031440.687500 6416330.000000
1118499.250000 6421316.000000
1232814.625000 6421834.000000
2217280.250000 6415554.000000
633393.750000 6417381.000000
661898.250000 6417596.000000
679914.187500 6419617.000000
626612.937500 6417155.000000
592775.375000 6419916.000000
611460.000000 6419738.000000
636311.500000 6416605.000000
681446.125000 6423032.000000
717509.250000 6419371.000000
766611.437500 6418731.000000
834150.562500 6417569.000000
949257.625000 6421477.000000
808376.562500 6421081.000000
394906.250000 6417398.000000
425779.062500 6422026.000000
443371.875000 6425839.000000
385860.812500 6416268.000000
346674.531250 6421032.000000
360541.000000 6420824.000000
380492.031250 6415154.000000
420571.875000 6418330.000000
451751.375000 6420801.000000
494953.718750 6417589.000000
556477.062500 6418022.000000
665851.500000 6419612.000000
809963.687500 6423290.000000
396336.562500 6423208.000000
425635.093750 6421455.000000
443461.937500 6422541.000000
387453.937500 6417231.000000
348153.250000 6420857.000000
360967.781250 6421688.000000
381912.812500 6423801.000000
422085.218750 6423366.000000
451983.406250 6418822.000000
496298.218750 6418809.000000
556867.500000 6418562.000000
665574.437500 6422560.000000
716915.062500 6423928.000000
746714.250000 6418900.000000
694484.625000 6416872.000000
654775.000000 6419683.000000
623114.687500 6420500.000000
647525.250000 6420910.000000
691224.500000 6417127.000000
728868.812500 6419665.000000
779682.937500 6418778.000000
847061.625000 6417208.000000
977047.750000 6420442.000000
394862.375000 6417397.000000
818920.562500 6418003.000000
481824.718750 6419211.000000
513567.812500 6419162.000000
457517.156250 6414714.000000
411174.125000 6418315.000000
374948.406250 6421704.000000
394080.718750 6419841.000000
433986.406250 6421708.000000
464831.625000 6417724.000000
509580.000000 6420415.000000
569776.875000 6421934.000000
693011.062500 6417200.000000
394693.937500 6418516.000000
818939.812500 6422711.000000
483423.031250 6421519.000000
516116.250000 6421714.000000
458195.625000 6417493.000000
411036.718750 6415937.000000
375362.062500 6419626.000000
392154.531250 6415617.000000
433320.937500 6419699.000000
465155.187500 6419708.000000
509166.218750 6415621.000000
570937.562500 6422447.000000
694770.375000 6419718.000000
802007.062500 6416848.000000
764268.375000 6418964.000000
722685.750000 6421215.000000
684214.937500 6417707.000000
660297.812500 6420697.000000
704514.812500 6419590.000000
740210.687500 6422469.000000
792045.750000 6421950.000000
861173.312500 6423516.000000
993201.937500 6420697.000000
425575.906250 6416063.000000
482407.187500 6420501.000000
833923.437500 6420559.000000
574921.250000 6423918.000000
531789.500000 6423462.000000
484929.968750 6418033.000000
440261.781250 6420665.000000
409480.906250 6423052.000000
448490.156250 6419516.000000
478884.812500 6419990.000000
522920.312500 6420740.000000
585381.000000 6418709.000000
713792.250000 6421231.000000
426301.437500 6419105.000000
482585.312500 6417551.000000
834632.562500 6425048.000000
573752.687500 6418442.000000
532484.125000 6420570.000000
484078.281250 6418754.000000
439184.531250 6417535.000000
409423.625000 6419103.000000
446850.343750 6414572.000000
478607.843750 6415050.000000
523927.343750 6422251.000000
585919.375000 6419239.000000
713393.937500 6417037.000000
820210.312500 6419175.000000
792961.937500 6423926.000000
755201.437500 6422158.000000
724094.062500 6417526.000000
719139.000000 6424247.000000
756325.187500 6420485.000000
807001.500000 6417129.000000
876650.125000 6420300.000000
1013285.062500 6418472.000000
443741.281250 6423354.000000
514454.843750 6418389.000000
574289.937500 6421161.000000
856224.625000 6420302.000000
590922.125000 6419855.000000
558540.437500 6421188.000000
516608.718750 6419625.000000
475657.500000 6421012.000000
465616.312500 6422764.000000
495330.062500 6416425.000000
541876.937500 6418951.000000
601770.437500 6416901.000000
734283.687500 6419760.000000
442171.687500 6418103.000000
515463.531250 6422500.000000
573813.937500 6422705.000000
857353.625000 6420277.000000
590811.312500 6416927.000000
560016.250000 6414434.000000
514517.093750 6416150.000000
475598.093750 6422081.000000
465200.437500 6422946.000000
494479.562500 6423039.000000
539745.000000 6419239.000000
603788.250000 6422909.000000
734637.125000 6419136.000000
847406.250000 6421203.000000
825811.875000 6417555.000000
794693.750000 6417620.000000
784244.875000 6421432.000000
774234.687500 6418865.000000
827166.500000 6418406.000000
896608.750000 6418410.000000
976346.187500 6423564.000000
386851.000000 6417672.000000
458513.625000 6416537.000000
531903.687500 6419100.000000
590507.187500 6414342.000000
905754.125000 6418815.000000
618654.562500 6416821.000000
589830.562500 6418491.000000
553922.062500 6421157.000000
535431.750000 6421337.000000
515859.406250 6421905.000000
560408.812500 6418593.000000
626951.562500 6422026.000000
696353.312500 6417225.000000
385506.718750 6419332.000000
459038.906250 6420464.000000
532483.750000 6418867.000000
590365.562500 6418421.000000
904781.062500 6419533.000000
617598.000000 6417872.000000
589469.250000 6419888.000000
552608.562500 6421497.000000
534536.500000 6415976.000000
514450.562500 6415177.000000
560283.750000 6418627.000000
624657.812500 6423841.000000
696761.187500 6420242.000000
881170.812500 6419523.000000
870032.625000 6423742.000000
861866.562500 6427842.000000
844928.625000 6418485.000000
849397.312500 6422332.000000
921023.500000 6414297.000000
1003977.437500 6417254.000000
346630.156250 6419642.000000
411756.500000 6416024.000000
484336.187500 6420453.000000
559277.375000 6422282.000000
617567.750000 6417704.000000
954737.125000 6416827.000000
654655.000000 6421957.000000
632417.437500 6419607.000000
617084.312500 6418955.000000
592444.375000 6420331.000000
587000.187500 6424562.000000
654655.062500 6421681.000000
725746.750000 6420818.000000
346622.625000 6414931.000000
410192.687500 6418510.000000
485299.562500 6420553.000000
558619.750000 6417571.000000
617455.937500 6417308.000000
954912.937500 6418277.000000
653779.812500 6419906.000000
632387.812500 6417512.000000
617359.375000 6417390.000000
591427.687500 6422661.000000
587313.125000 6422671.000000
652706.062500 6419619.000000
727879.312500 6420154.000000
932158.937500 6419882.000000
944638.500000 6417933.000000
926100.750000 6416474.000000
927808.437500 6421226.000000
955360.937500 6419701.000000
1041019.562500 6423310.000000
361357.687500 6417672.000000
375733.687500 6418985.000000
439110.906250 6420986.000000
515225.625000 6419697.000000
590526.812500 6420405.000000
653978.750000 6422404.000000
1020817.687500 6420495.000000
700905.312500 6415886.000000
709547.187500 6416448.000000
680443.000000 6419805.000000
671516.625000 6420385.000000
689771.312500 6418595.000000
765128.750000 6418904.000000
361791.781250 6420144.000000
374935.781250 6415913.000000
439954.968750 6420088.000000
516060.531250 6416699.000000
587529.875000 6414795.000000
654330.875000 6420601.000000
1020863.437500 6421201.000000
702360.250000 6422926.000000
709985.750000 6423278.000000
681951.562500 6418127.000000
672730.375000 6418625.000000
688726.000000 6413682.000000
763210.187500 6418010.000000
1034815.312500 6415287.000000
1018901.125000 6418831.000000
1020369.562500 6421904.000000
1045111.125000 6421905.000000
1085364.000000 6417399.000000
381796.562500 6419044.000000
394043.093750 6415010.000000
409180.750000 6416146.000000
476863.718750 6417745.000000
554512.062500 6419050.000000
631653.125000 6418924.000000
703120.000000 6419010.000000
1108795.375000 6423521.000000
808430.562500 6425603.000000
783166.375000 6418888.000000
773385.312500 6423587.000000
787975.937500 6418502.000000
814527.625000 6418515.000000
381341.187500 6422801.000000
393798.312500 6415090.000000
410011.937500 6423422.000000
475941.312500 6413284.000000
553554.562500 6417741.000000
631803.562500 6418233.000000
703059.000000 6418102.000000
1109397.000000 6419596.000000
807078.312500 6420874.000000
782845.375000 6419153.000000
773590.125000 6419777.000000
788619.062500 6416331.000000
814524.312500 6420531.000000
1154741.750000 6420008.000000
1160163.625000 6425069.000000
1185052.250000 6422804.000000
1220573.125000 6418252.000000
422106.000000 6420653.000000
434679.500000 6419921.000000
447663.125000 6420835.000000
465905.218750 6418785.000000
534032.562500 6419935.000000
616892.312500 6415532.000000
709915.625000 6417233.000000
807247.937500 6419295.000000
1232469.750000 6420229.000000
929911.625000 6417642.000000
924933.312500 6421585.000000
941985.187500 6420916.000000
964253.875000 6423355.000000
421719.718750 6422821.000000
433499.031250 6418989.000000
447543.375000 6420254.000000
463907.250000 6412616.000000
535183.937500 6417979.000000
617606.250000 6419852.000000
709514.375000 6421547.000000
807705.375000 6421190.000000
1232221.625000 6420356.000000
931649.375000 6418745.000000
924783.375000 6418453.000000
940494.125000 6420802.000000
963371.625000 6419262.000000
1206968.625000 6423469.000000
1239964.000000 6418737.000000
1279324.500000 6417841.000000
451995.750000 6415577.000000
464684.812500 6413487.000000
478755.531250 6419393.000000
495617.875000 6418268.000000
515030.437500 6422707.000000
592256.437500 6421368.000000
682760.562500 6421035.000000
781657.937500 6419420.000000
931146.687500 6420955.000000
1391648.125000 6423084.000000
981736.750000 6416575.000000
1003379.875000 6422324.000000
1029016.625000 6421669.000000
451656.843750 6418946.000000
465332.031250 6417750.000000
478865.687500 6415514.000000
495064.656250 6417483.000000
515029.937500 6412360.000000
592018.625000 6418512.000000
681280.812500 6417371.000000
782637.562500 6416770.000000
930730.875000 6417415.000000
1392437.375000 6422709.000000
979606.812500 6420049.000000
1002883.062500 6421121.000000
1030964.625000 6421002.000000
1311526.250000 6422639.000000
1356050.875000 6422328.000000
495022.750000 6419150.000000
508260.625000 6415748.000000
524117.343750 6415771.000000
540631.062500 6420973.000000
560361.875000 6422956.000000
587479.750000 6419544.000000
671424.375000 6414405.000000
775724.250000 6420463.000000
925026.312500 6421533.000000
981710.687500 6419049.000000
1600608.125000 6419193.000000
1084008.125000 6422213.000000
1116482.875000 6414593.000000
495747.281250 6419344.000000
509044.718750 6418652.000000
524222.812500 6422249.000000
540328.625000 6421186.000000
560506.375000 6419273.000000
586670.437500 6417544.000000
672462.937500 6417964.000000
773595.750000 6415555.000000
925436.000000 6421365.000000
981326.500000 6419930.000000
1602144.875000 6424845.000000
1082458.750000 6420619.000000
1116792.375000 6421047.000000
1454798.750000 6420646.000000
555837.937500 6415410.000000
569711.687500 6420308.000000
584886.437500 6420189.000000
604024.687500 6418908.000000
624868.875000 6419891.000000
653891.812500 6418798.000000
689485.687500 6421143.000000
789026.187500 6421828.000000
940266.625000 6417855.000000
1001039.062500 6419344.000000
1082130.250000 6416942.000000
1871351.625000 6416342.000000
1229791.250000 6418204.000000
555797.937500 6416228.000000
570099.375000 6420557.000000
585325.312500 6419390.000000
602566.687500 6418999.000000
625756.312500 6423921.000000
652855.437500 6417242.000000
688822.375000 6414721.000000
787405.187500 6415819.000000
940436.562500 6419672.000000
1001872.562500 6416920.000000
1083929.125000 6423151.000000
1872419.250000 6418674.000000
1227862.500000 6420114.000000
664730.625000 6421160.000000
692837.375000 6418732.000000
714450.750000 6417405.000000
734222.062500 6422903.000000
694811.812500 6415091.000000
727428.687500 6419574.000000
765524.625000 6415480.000000
815135.687500 6416156.000000
965277.187500 6418184.000000
1031637.125000 6420727.000000
1115185.500000 6416815.000000
1230457.500000 6419151.000000
2220458.500000 6423649.000000
664654.937500 6413924.000000
693774.125000 6421038.000000
711901.687500 6418545.000000
735022.812500 6416652.000000
694988.750000 6424107.000000
727080.812500 6427517.000000
766182.437500 6419990.000000
813923.187500 6418374.000000
963667.562500 6421119.000000
1031056.437500 6420481.000000
1117374.750000 6422514.000000
1231471.375000 6422090.000000
2218756.500000 6421321.000000
634783.187500 6415129.000000
661730.937500 6418293.000000
679926.562500 6418909.000000
627201.437500 6419131.000000
593649.312500 6420355.000000
611893.250000 6420296.000000
636664.875000 6420515.000000
680640.062500 6418684.000000
716877.000000 6418275.000000
766706.625000 6417721.000000
835142.000000 6422687.000000
951474.937500 6419984.000000
807682.750000 6417030.000000
394584.875000 6419555.000000
424905.375000 6424615.000000
444471.218750 6427082.000000
386381.750000 6422592.000000
347101.031250 6421299.000000
361008.937500 6419958.000000
381174.500000 6419194.000000
421124.062500 6420095.000000
451332.156250 6419692.000000
495594.593750 6418827.000000
556869.687500 6420774.000000
664984.062500 6419684.000000
715359.250000 6416445.000000
748421.437500 6424461.000000
696278.750000 6420294.000000
653446.875000 6421227.000000
624698.062500 6419836.000000
647732.187500 6417253.000000
691174.437500 6421124.000000
729374.562500 6414783.000000
779242.875000 6416929.000000
847709.625000 6419401.000000
975252.125000 6415611.000000
394789.437500 6419236.000000
817901.875000 6420082.000000
481980.875000 6427226.000000
515842.875000 6422042.000000
459571.468750 6424166.000000
411719.468750 6420825.000000
374561.125000 6415305.000000
394301.406250 6420742.000000
433187.718750 6421094.000000
464390.406250 6414417.000000
507354.750000 6414956.000000
569973.687500 6416482.000000
695038.500000 6421477.000000
800975.187500 6419961.000000
762694.500000 6420200.000000
722926.250000 6423591.000000
684556.062500 6420752.000000
659780.750000 6420770.000000
703953.687500 6420687.000000
743529.687500 6424649.000000
792939.500000 6421644.000000
861205.187500 6415188.000000
995151.562500 6419667.000000
425096.531250 6420903.000000
482087.750000 6417606.000000
834140.875000 6417386.000000
572879.875000 6417843.000000
531709.625000 6416518.000000
486286.843750 6423037.000000
439443.312500 6418250.000000
408725.843750 6419353.000000
448368.000000 6416193.000000
478581.187500 6421429.000000
522568.156250 6417723.000000
584883.937500 6420941.000000
715012.312500 6422593.000000
820871.937500 6429971.000000
791856.625000 6421092.000000
756286.375000 6420771.000000
723035.250000 6420401.000000
718857.625000 6422428.000000
755980.312500 6421675.000000
807739.500000 6415285.000000
879327.562500 6420895.000000
1012205.875000 6417161.000000
443433.218750 6413279.000000
516078.656250 6421128.000000
574181.687500 6418847.000000
856105.625000 6416989.000000
590689.312500 6416680.000000
558912.562500 6418094.000000
515944.250000 6419501.000000
476137.593750 6417091.000000
465424.468750 6418933.000000
496689.156250 6422537.000000
539706.125000 6414827.000000
602538.375000 6419869.000000
733704.812500 6418022.000000
849108.500000 6423154.000000
825996.750000 6418068.000000
795432.250000 6422584.000000
781776.812500 6415397.000000
772911.625000 6417506.000000
825438.375000 6417864.000000
898121.500000 6421028.000000
976435.750000 6418952.000000
385337.343750 6417762.000000
458828.593750 6419811.000000
530693.875000 6421866.000000
592361.062500 6422687.000000
904878.875000 6414365.000000
618981.375000 6419212.000000
590098.375000 6415597.000000
553555.812500 6418615.000000
535640.500000 6423186.000000
515375.281250 6420789.000000
560986.375000 6418953.000000
625194.625000 6418476.000000
697406.875000 6422092.000000
883376.437500 6416888.000000
868611.000000 6416725.000000
861214.000000 6415889.000000
843197.875000 6419449.000000
849643.000000 6415919.000000
923840.750000 6421341.000000
1006179.062500 6420313.000000
347691.093750 6419797.000000
411386.625000 6419115.000000
484033.562500 6420926.000000
558663.562500 6422528.000000
618427.937500 6420564.000000
955995.562500 6419261.000000
653256.250000 6422752.000000
631819.437500 6418885.000000
618084.562500 6420072.000000
589576.750000 6415646.000000
587034.187500 6419048.000000
653354.437500 6416829.000000
726831.937500 6420890.000000
932944.312500 6423034.000000
945526.187500 6424510.000000
927818.937500 6419131.000000
927405.625000 6419434.000000
956146.375000 6425114.000000
1041283.125000 6421207.000000
360336.468750 6420239.000000
374742.593750 6421277.000000
440023.562500 6419618.000000
516463.156250 6418608.000000
591079.250000 6420900.000000
651974.875000 6417567.000000
1020461.375000 6419024.000000
701146.937500 6416726.000000
708865.000000 6417909.000000
683461.875000 6423469.000000
671624.187500 6417503.000000
689420.937500 6419471.000000
766209.125000 6422524.000000
1034997.875000 6421291.000000
1020528.062500 6419409.000000
1022113.875000 6419390.000000
1046127.062500 6421239.000000
1084659.000000 6422727.000000
380939.250000 6417291.000000
394158.093750 6413800.000000
408608.750000 6415786.000000
475991.687500 6420799.000000
554409.812500 6419872.000000
632499.125000 6421785.000000
701427.375000 6422904.000000
1107739.000000 6420953.000000
808054.562500 6420953.000000
781284.250000 6416688.000000
774658.875000 6422609.000000
787788.750000 6420792.000000
813803.937500 6422643.000000
1153795.250000 6419365.000000
1159230.375000 6421494.000000
1186034.125000 6420453.000000
1219076.250000 6415197.000000
421372.281250 6419910.000000
433217.968750 6418662.000000
448053.093750 6414725.000000
464414.187500 6418167.000000
534538.312500 6421328.000000
617265.562500 6419045.000000
708757.687500 6421784.000000
808289.937500 6421456.000000
1231313.375000 6413520.000000
930474.750000 6420897.000000
925318.125000 6417222.000000
941586.375000 6422376.000000
965380.812500 6421312.000000
1208195.875000 6420386.000000
1238413.375000 6417975.000000
1278627.250000 6420679.000000
451657.468750 6418260.000000
465722.656250 6420443.000000
479142.093750 6419340.000000
495649.718750 6422548.000000
515236.781250 6418054.000000
592462.312500 6421013.000000
682040.687500 6420279.000000
782748.750000 6418013.000000
931613.250000 6421535.000000
1391894.625000 6419263.000000
982596.937500 6418766.000000
1001262.500000 6414397.000000
1030238.000000 6419486.000000
1310901.250000 6422323.000000
1355027.750000 6419694.000000
494579.718750 6415635.000000
509092.968750 6423197.000000
523093.875000 6419848.000000
540191.875000 6419698.000000
561284.375000 6419917.000000
586426.250000 6423873.000000
671392.562500 6418415.000000
775365.625000 6424727.000000
928156.500000 6425233.000000
981125.250000 6417851.000000
1603071.875000 6423098.000000
1082762.875000 6418310.000000
1117694.875000 6419929.000000
1455119.500000 6420036.000000
556384.812500 6420841.000000
569372.812500 6420609.000000
585669.187500 6419632.000000
602924.312500 6417369.000000
625989.437500 6421686.000000
654907.750000 6422261.000000
690177.437500 6416695.000000
790078.937500 6424857.000000
940196.625000 6416940.000000
1003850.562500 6420434.000000
1083979.625000 6412163.000000
1872984.625000 6419304.000000
1229655.750000 6412742.000000
665165.437500 6420649.000000
693536.062500 6420240.000000
714115.875000 6418359.000000
731426.437500 6414958.000000
695763.062500 6422288.000000
728710.937500 6420494.000000
766160.437500 6420575.000000
814530.000000 6417135.000000
964010.000000 6415814.000000
1030448.500000 6416570.000000
1115546.125000 6414395.000000
1228854.000000 6417836.000000
2220617.250000 6423796.000000
634945.500000 6418762.000000
662216.437500 6419870.000000
678827.875000 6417619.000000
627151.125000 6419757.000000
593203.625000 6420381.000000
611379.125000 6422288.000000
635039.437500 6416132.000000
679078.812500 6415613.000000
716650.500000 6416157.000000
768224.250000 6422351.000000
832933.875000 6414650.000000
948986.187500 6416602.000000
716334.437500 6423826.000000
746580.000000 6421466.000000
696575.562500 6420826.000000
653253.375000 6416340.000000
624339.937500 6423112.000000
646776.375000 6417037.000000
690141.187500 6421180.000000
730131.125000 6418199.000000
779733.125000 6423807.000000
847224.875000 6415340.000000
976242.187500 6417867.000000
802988.687500 6418910.000000
761212.500000 6419877.000000
723443.000000 6421015.000000
685306.750000 6419642.000000
659968.437500 6418306.000000
704242.687500 6420132.000000
741435.562500 6421947.000000
792386.687500 6413906.000000
861531.437500 6421273.000000
995862.687500 6415085.000000
819874.562500 6420487.000000
791320.125000 6418776.000000
755423.937500 6422162.000000
723359.562500 6416581.000000
718566.312500 6418392.000000
758006.812500 6421333.000000
808011.562500 6419229.000000
877286.187500 6424793.000000
1011858.500000 6418942.000000
847311.062500 6423144.000000
824795.437500 6416966.000000
795922.625000 6422954.000000
783167.062500 6416624.000000
774509.812500 6422630.000000
826354.500000 6423850.000000
896878.750000 6419625.000000
975679.375000 6420174.000000
882430.250000 6418848.000000
869485.375000 6419584.000000
861007.562500 6420608.000000
844087.562500 6415134.000000
849611.375000 6418084.000000
923995.312500 6418893.000000
1005226.750000 6421033.000000
931978.062500 6417353.000000
945050.625000 6419464.000000
926612.375000 6417986.000000
929298.187500 6422838.000000
955733.500000 6417399.000000
1038943.187500 6419101.000000
1033348.625000 6413806.000000
1020013.750000 6420228.000000
1021566.500000 6419888.000000
1044906.250000 6416121.000000
1083493.375000 6421846.000000
1155761.000000 6418204.000000
1160496.250000 6422879.000000
1185998.250000 6413954.000000
1220948.625000 6422408.000000
1208685.625000 6417149.000000
1237815.250000 6418971.000000
1279590.500000 6423344.000000
1307910.375000 6417544.000000
1354505.625000 6416340.000000
1454456.000000 6419706.000000
