821929.562500 7011708.000000
856835.500000 7003449.000000
881750.375000 7004030.000000
824354.000000 7010633.000000
790263.687500 7007214.000000
820613.812500 7010291.000000
854111.187500 7008833.000000
913982.250000 7010480.000000
963206.875000 7007205.000000
1028249.375000 7001050.000000
1118593.625000 7007333.000000
1272349.250000 7005154.000000
996056.375000 7006280.000000
541856.750000 7005025.000000
578694.062500 7007538.000000
605098.937500 7005685.000000
542393.375000 7007724.000000
503105.250000 7006632.000000
530978.250000 7003535.000000
564152.250000 7003349.000000
620207.250000 7005534.000000
666825.687500 7009026.000000
729402.562500 7005469.000000
812932.562500 7007069.000000
962788.187500 7009062.000000
996716.375000 7009353.000000
542339.187500 7010670.000000
578361.750000 7006318.000000
605667.437500 7006308.000000
543214.000000 7005953.000000
504469.687500 7006045.000000
530107.750000 7009066.000000
564260.250000 7011532.000000
619993.812500 7006069.000000
665242.687500 7008364.000000
730977.875000 7012390.000000
813107.000000 7007039.000000
963630.187500 7010097.000000
998016.000000 7011070.000000
540540.812500 7003491.000000
578830.437500 7002354.000000
607101.000000 7007043.000000
542092.875000 7009517.000000
503289.812500 7004846.000000
531243.625000 7006546.000000
563894.250000 7007264.000000
620177.375000 7004206.000000
665857.937500 7001885.000000
728406.000000 7006034.000000
813271.687500 7011995.000000
963363.750000 7012238.000000
925448.625000 7005997.000000
963643.750000 7009164.000000
907625.062500 7010514.000000
863759.750000 7003237.000000
836965.250000 7002007.000000
873815.625000 7005781.000000
932675.875000 7006517.000000
984758.000000 7014811.000000
1050444.250000 7007471.000000
1139856.250000 7007183.000000
1308552.500000 7007159.000000
541950.062500 7004341.000000
1027094.625000 7006071.000000
652816.812500 7005616.000000
693970.187500 7008376.000000
634098.062500 7008464.000000
584871.812500 7006955.000000
550189.687500 7007513.000000
585787.062500 7010007.000000
640734.000000 7003783.000000
687986.375000 7004938.000000
751963.375000 7005622.000000
838694.750000 7007745.000000
1001188.000000 7007918.000000
540947.437500 7007923.000000
1029674.625000 7008271.000000
654802.625000 7005501.000000
695613.000000 7011475.000000
634751.812500 7006477.000000
585549.750000 7006004.000000
551902.062500 7007143.000000
585623.375000 7007016.000000
642900.875000 7007766.000000
688152.000000 7013201.000000
751755.125000 7004295.000000
837790.500000 7008426.000000
1001701.125000 7006880.000000
541533.750000 7001622.000000
1027085.500000 7006664.000000
653250.125000 7004142.000000
693956.875000 7005741.000000
634363.750000 7008529.000000
585311.687500 7005231.000000
549088.375000 7005212.000000
585673.250000 7006013.000000
641505.750000 7007755.000000
688852.125000 7009920.000000
751349.125000 7007307.000000
837389.937500 7007234.000000
1002007.375000 7006171.000000
1034706.625000 7009122.000000
993015.125000 7009520.000000
950623.250000 7004542.000000
913642.375000 7005306.000000
893852.375000 7007346.000000
954282.500000 7008872.000000
1002880.250000 7008768.000000
1072917.125000 7004736.000000
1163516.125000 7007495.000000
1333990.625000 7005524.000000
579491.625000 7008493.000000
655572.500000 7007784.000000
1071112.250000 7000925.000000
772246.125000 7010248.000000
724288.000000 7001155.000000
678953.687500 7006882.000000
636478.687500 7008156.000000
608112.000000 7007543.000000
665022.875000 7005136.000000
713071.500000 7005445.000000
777683.750000 7011036.000000
863523.375000 7008627.000000
1033508.750000 7008149.000000
581169.812500 7015180.000000
656333.500000 7008388.000000
1071363.125000 7005115.000000
772050.562500 7009101.000000
725963.875000 7004812.000000
677696.500000 7008390.000000
637305.625000 7009927.000000
607734.187500 7006752.000000
665944.250000 7005574.000000
713498.375000 7004204.000000
777087.625000 7005639.000000
864635.375000 7008583.000000
1032505.250000 7005164.000000
578250.000000 7004021.000000
654589.750000 7005913.000000
1074078.125000 7008696.000000
770950.687500 7005469.000000
725668.250000 7004935.000000
679352.562500 7005825.000000
635569.375000 7003300.000000
606647.812500 7010814.000000
665867.750000 7004533.000000
712501.187500 7006309.000000
775951.375000 7004234.000000
864587.125000 7009889.000000
1033313.000000 7007324.000000
1065942.000000 7013184.000000
1039237.500000 7011530.000000
1003179.750000 7004672.000000
976096.125000 7005810.000000
976766.937500 7008084.000000
1030264.187500 7009569.000000
1098033.625000 7007455.000000
1192442.000000 7006874.000000
1365703.250000 7008253.000000
606115.000000 7009991.000000
693946.250000 7003447.000000
772563.687500 7006974.000000
1131744.000000 7004239.000000
804197.437500 7004032.000000
772061.875000 7007467.000000
731447.750000 7006842.000000
697168.937500 7011140.000000
689970.000000 7005040.000000
739657.125000 7004911.000000
805647.562500 7010114.000000
892916.250000 7006436.000000
1065807.000000 7004667.000000
606909.312500 7006028.000000
696213.125000 7006527.000000
772527.875000 7007613.000000
1130750.250000 7007923.000000
805251.375000 7004872.000000
771944.250000 7005272.000000
731018.750000 7007192.000000
694356.375000 7008801.000000
691212.750000 7007055.000000
741825.875000 7009049.000000
805876.562500 7005254.000000
893596.750000 7008683.000000
1065500.750000 7004507.000000
606258.625000 7003472.000000
694336.750000 7007335.000000
771936.500000 7007422.000000
1129668.875000 7009410.000000
802916.875000 7009244.000000
772741.750000 7005344.000000
732448.000000 7004756.000000
696419.625000 7008724.000000
690184.875000 7005063.000000
740714.812500 7008941.000000
805881.750000 7009119.000000
892955.125000 7002865.000000
1065544.000000 7008959.000000
1111877.375000 7006649.000000
1091345.750000 7009037.000000
1064680.625000 7010713.000000
1060855.000000 7006802.000000
1055774.875000 7008384.000000
1128539.125000 7007087.000000
1221115.625000 7003911.000000
1325162.000000 7011250.000000
541625.437500 7006636.000000
634352.937500 7006428.000000
726140.000000 7009365.000000
802964.750000 7005163.000000
1214734.250000 7001046.000000
851841.000000 7007777.000000
826546.125000 7007173.000000
794412.250000 7006873.000000
782468.375000 7004841.000000
769122.812500 7008981.000000
836347.000000 7003436.000000
927407.437500 7004141.000000
1021111.250000 7004253.000000
543059.375000 7004290.000000
632473.250000 7005658.000000
725809.562500 7002974.000000
803533.000000 7006786.000000
1213092.625000 7009040.000000
851074.125000 7003377.000000
825645.250000 7010979.000000
793459.312500 7008331.000000
781687.750000 7004408.000000
766335.625000 7005062.000000
837691.750000 7014679.000000
925739.125000 7009597.000000
1021948.875000 7007221.000000
543267.375000 7003294.000000
633058.812500 7006282.000000
725406.000000 7008635.000000
803823.750000 7007954.000000
1213963.625000 7004570.000000
851374.312500 7005955.000000
828305.250000 7006390.000000
792621.375000 7003326.000000
783185.375000 7006833.000000
768414.687500 7004560.000000
838272.437500 7006093.000000
927027.125000 7007576.000000
1021038.250000 7006624.000000
1173434.000000 7006191.000000
1159696.250000 7007607.000000
1157414.250000 7007021.000000
1149138.000000 7008888.000000
1160984.500000 7006118.000000
1260955.000000 7005845.000000
1368603.500000 7008838.000000
502715.937500 7002114.000000
586496.187500 7010511.000000
678030.375000 7006044.000000
773612.750000 7005916.000000
852410.625000 7009145.000000
1307797.750000 7010453.000000
913725.875000 7004347.000000
897213.062500 7008474.000000
892009.875000 7011304.000000
870887.875000 7005510.000000
875454.125000 7011026.000000
971320.187500 7010296.000000
1073683.000000 7005070.000000
502890.812500 7006089.000000
586455.375000 7007322.000000
677038.250000 7007510.000000
772336.000000 7007657.000000
852226.250000 7007269.000000
1307854.000000 7003824.000000
914166.000000 7005857.000000
896378.125000 7003612.000000
890488.187500 7008073.000000
869650.562500 7003895.000000
876382.000000 7010059.000000
972030.375000 7007165.000000
1071558.750000 7005938.000000
503527.281250 7006158.000000
585458.250000 7006984.000000
678608.125000 7010151.000000
771671.750000 7005898.000000
851528.375000 7006995.000000
1308897.000000 7010006.000000
913978.250000 7004917.000000
896435.250000 7003489.000000
891605.625000 7009096.000000
870638.437500 7008180.000000
874546.000000 7010106.000000
970129.687500 7011827.000000
1071902.875000 7001939.000000
1248741.250000 7005865.000000
1266328.750000 7006262.000000
1255726.500000 7012205.000000
1265118.875000 7007731.000000
1303984.500000 7008596.000000
1421091.000000 7007786.000000
531370.250000 7005741.000000
551783.312500 7007730.000000
637016.437500 7007121.000000
731864.187500 7006134.000000
824093.500000 7001114.000000
912410.250000 7006618.000000
1428135.000000 7006423.000000
992947.312500 7005782.000000
1007263.625000 7005982.000000
988927.500000 7007623.000000
989176.500000 7008378.000000
1017722.000000 7000534.000000
1130810.250000 7009671.000000
531573.687500 7009050.000000
550299.562500 7007760.000000
634884.687500 7004179.000000
730897.250000 7006126.000000
826056.875000 7008953.000000
914042.812500 7013216.000000
1426001.375000 7005174.000000
995083.750000 7009128.000000
1004967.625000 7000541.000000
987882.187500 7005389.000000
989810.250000 7010150.000000
1019173.812500 7004013.000000
1129597.000000 7009366.000000
530593.125000 7008848.000000
550787.187500 7001312.000000
635784.875000 7004361.000000
734077.312500 7008617.000000
826906.875000 7005414.000000
913907.250000 7004557.000000
1425251.375000 7002660.000000
992697.875000 7006678.000000
1007659.375000 7007244.000000
988575.625000 7007499.000000
989617.187500 7006339.000000
1020113.375000 7008889.000000
1129276.125000 7007733.000000
1380629.375000 7000321.000000
1375506.500000 7006850.000000
1386946.000000 7008339.000000
1423991.500000 7005536.000000
1477928.000000 7010718.000000
564507.000000 7003758.000000
585694.625000 7007176.000000
607856.062500 7004720.000000
696285.250000 7007905.000000
794209.687500 7006737.000000
895653.375000 7003697.000000
992287.812500 7006537.000000
1575091.000000 7005676.000000
1136130.500000 7007187.000000
1118621.125000 7007706.000000
1120795.750000 7004957.000000
1149935.750000 7006371.000000
1193127.750000 7002920.000000
564975.875000 7007455.000000
585831.437500 7003433.000000
606049.562500 7005199.000000
696135.625000 7005888.000000
793538.125000 7004916.000000
897926.250000 7010300.000000
992924.375000 7009877.000000
1575428.375000 7007813.000000
1132422.500000 7003033.000000
1119808.500000 7008119.000000
1120602.500000 7007531.000000
1150482.625000 7008838.000000
1192611.375000 7004543.000000
563283.062500 7007662.000000
585260.625000 7002623.000000
608135.125000 7006739.000000
694623.812500 7006447.000000
794161.125000 7009957.000000
897443.750000 7010033.000000
994015.937500 7007230.000000
1576924.500000 7010321.000000
1134623.375000 7007908.000000
1119699.625000 7010085.000000
1121310.000000 7009295.000000
1149523.500000 7003655.000000
1192645.500000 7008841.000000
1542977.500000 7012128.000000
1554216.000000 7004151.000000
1592373.500000 7003972.000000
1647622.125000 7004560.000000
620371.250000 7007276.000000
641233.562500 7004149.000000
666753.500000 7013475.000000
689817.687500 7006879.000000
781566.562500 7005147.000000
890061.250000 7006449.000000
1008369.625000 7007926.000000
1134463.000000 7006480.000000
1771384.500000 7004100.000000
1298924.875000 7007517.000000
1306653.000000 7007981.000000
1338863.750000 7009300.000000
1380486.750000 7012456.000000
621393.500000 7006485.000000
641276.750000 7005257.000000
666771.625000 7003097.000000
690150.500000 7009464.000000
782707.187500 7007484.000000
890934.000000 7006522.000000
1006455.500000 7010877.000000
1133772.250000 7003838.000000
1768788.500000 7006616.000000
1299534.750000 7008880.000000
1306863.125000 7007882.000000
1336422.125000 7008800.000000
1378033.375000 7004908.000000
619443.562500 7005857.000000
642557.812500 7005512.000000
665764.750000 7011161.000000
691704.375000 7008553.000000
782005.875000 7006835.000000
890552.312500 7009422.000000
1007058.937500 7009160.000000
1134929.625000 7004656.000000
1770262.500000 7008982.000000
1300930.875000 7004540.000000
1305720.625000 7005994.000000
1337861.500000 7007429.000000
1376288.625000 7005032.000000
1627102.000000 7011029.000000
1665478.000000 7006138.000000
1725449.250000 7006433.000000
665166.375000 7005698.000000
688066.937500 7002826.000000
713184.625000 7013061.000000
738941.312500 7007637.000000
768699.375000 7009504.000000
871854.625000 7006782.000000
989014.562500 7011735.000000
1119993.250000 7005086.000000
1300174.250000 7006609.000000
1999645.750000 7010456.000000
1382382.500000 7008411.000000
1417180.500000 7002872.000000
1464821.750000 7010964.000000
664416.250000 7005473.000000
689333.500000 7007602.000000
713296.312500 7011095.000000
742080.750000 7007598.000000
768521.187500 7007465.000000
871152.562500 7004431.000000
989151.187500 7005784.000000
1117617.125000 7006868.000000
1298656.500000 7005079.000000
2001890.375000 7007835.000000
1384674.000000 7008479.000000
1420286.500000 7006871.000000
1463234.375000 7003747.000000
665486.750000 7007106.000000
688537.375000 7007889.000000
712933.750000 7003297.000000
741912.062500 7008295.000000
769843.000000 7002509.000000
872673.312500 7009665.000000
987146.312500 7005286.000000
1119376.375000 7008069.000000
1299228.625000 7005966.000000
1998674.250000 7008564.000000
1384612.750000 7007544.000000
1418016.750000 7004206.000000
1464347.250000 7004907.000000
1759429.000000 7003422.000000
1820175.125000 7007675.000000
727760.562500 7009121.000000
750700.562500 7002766.000000
778228.000000 7007736.000000
807207.250000 7006558.000000
838227.875000 7007107.000000
875444.937500 7006246.000000
989887.187500 7009864.000000
1122015.500000 7009499.000000
1304940.500000 7005986.000000
1380996.500000 7012886.000000
2278255.750000 7005796.000000
1519326.375000 7004467.000000
1571987.500000 7006855.000000
728975.625000 7013183.000000
751652.000000 7010497.000000
776611.750000 7004568.000000
807411.812500 7005424.000000
838955.500000 7007460.000000
874025.000000 7007276.000000
988956.375000 7006448.000000
1119971.875000 7006237.000000
1306083.625000 7007100.000000
1382379.875000 7006260.000000
2281211.500000 7007636.000000
1522324.000000 7007701.000000
1571899.250000 7007071.000000
727673.250000 7008688.000000
751047.625000 7006393.000000
777589.500000 7011035.000000
807428.875000 7010528.000000
838269.562500 7007731.000000
874865.437500 7007323.000000
988857.250000 7008501.000000
1123143.500000 7008279.000000
1303742.625000 7006335.000000
1381803.875000 7006451.000000
2279807.500000 7004903.000000
1518583.875000 7007829.000000
1571773.750000 7007876.000000
1939952.750000 7004709.000000
813638.375000 7005325.000000
837704.687500 7002949.000000
861706.625000 7005836.000000
893446.625000 7005744.000000
926293.937500 7004021.000000
971702.250000 7006578.000000
1020019.750000 7009340.000000
1150610.000000 7007383.000000
1336748.250000 7005531.000000
1417167.500000 7006948.000000
1521937.750000 7005429.000000
2623754.000000 7003709.000000
1704865.125000 7006868.000000
814972.375000 7008812.000000
837866.000000 7010765.000000
861832.437500 7005634.000000
893084.250000 7007901.000000
925840.875000 7003070.000000
971333.187500 7010816.000000
1019996.812500 7002385.000000
1149707.000000 7006272.000000
1338916.375000 7003874.000000
1419794.500000 7006463.000000
1521392.750000 7007611.000000
2619517.000000 7003921.000000
1706011.625000 7006540.000000
812713.250000 7008446.000000
837680.000000 7009726.000000
861802.250000 7004595.000000
892376.500000 7005996.000000
928563.312500 7009066.000000
971092.187500 7008154.000000
1019240.125000 7006903.000000
1150667.250000 7005966.000000
1339585.375000 7011181.000000
1419160.250000 7006707.000000
1522581.500000 7007008.000000
2623109.500000 7006142.000000
1705137.500000 7003534.000000
963099.750000 7006227.000000
1001500.375000 7002235.000000
1033088.625000 7007779.000000
1066604.125000 7007261.000000
1023592.125000 7008657.000000
1072887.125000 7007472.000000
1128664.000000 7006299.000000
1193341.500000 7003734.000000
1378820.500000 7005322.000000
1464267.000000 7005077.000000
1572107.250000 7009789.000000
1706099.250000 7007420.000000
3051842.000000 7010664.000000
964075.750000 7005908.000000
1001343.187500 7008505.000000
1032839.437500 7003840.000000
1067445.500000 7013733.000000
1023857.250000 7007736.000000
1071784.375000 7007151.000000
1129802.750000 7002536.000000
1193242.000000 7007916.000000
1379069.750000 7009954.000000
1463493.625000 7004509.000000
1571575.250000 7007403.000000
1707439.000000 7007311.000000
3048829.000000 7004264.000000
962372.875000 7004537.000000
1001104.250000 7003187.000000
1034677.125000 7008463.000000
1066965.750000 7007034.000000
1022587.500000 7005837.000000
1072987.750000 7008824.000000
1127753.750000 7006251.000000
1192071.500000 7005536.000000
1380329.750000 7005723.000000
1465679.250000 7007393.000000
1570236.750000 7007336.000000
1705406.250000 7008093.000000
3049583.500000 7008595.000000
818662.375000 7000770.000000
856195.312500 7005587.000000
882099.250000 7010206.000000
824841.750000 7006833.000000
790256.625000 7008411.000000
819068.437500 7007683.000000
854729.250000 7007397.000000
912494.250000 7010087.000000
962293.687500 7005333.000000
1030771.687500 7005524.000000
1119448.250000 7003791.000000
1271502.750000 7006430.000000
996887.875000 7009170.000000
542276.312500 7003222.000000
581378.500000 7011125.000000
604602.000000 7005154.000000
543328.000000 7009097.000000
503994.125000 7008279.000000
530058.000000 7004665.000000
563201.312500 7007042.000000
619214.375000 7006899.000000
667584.250000 7010188.000000
731491.125000 7007868.000000
812619.750000 7006816.000000
964165.312500 7008445.000000
994214.562500 7006592.000000
542546.875000 7006550.000000
578730.375000 7007385.000000
606442.187500 7007626.000000
542124.937500 7005950.000000
503806.031250 7006433.000000
531061.062500 7006000.000000
563640.812500 7007184.000000
620150.937500 7003036.000000
666076.750000 7004925.000000
728788.312500 7005630.000000
813479.750000 7009042.000000
961041.250000 7002745.000000
926094.500000 7010817.000000
964018.875000 7008627.000000
908430.250000 7004563.000000
866454.125000 7008440.000000
836563.375000 7005924.000000
874772.125000 7007609.000000
932458.687500 7007445.000000
984756.125000 7006821.000000
1050871.000000 7008069.000000
1140070.375000 7007070.000000
1307703.625000 7005600.000000
541034.562500 7003899.000000
1029697.875000 7008561.000000
654481.562500 7008075.000000
694976.812500 7008220.000000
633329.500000 7005597.000000
585887.062500 7006318.000000
550146.125000 7005121.000000
585555.000000 7007948.000000
640756.500000 7006642.000000
689048.125000 7006211.000000
751889.000000 7006878.000000
838906.125000 7010022.000000
1003263.000000 7004338.000000
541351.750000 7007347.000000
1026756.250000 7003171.000000
654777.812500 7011929.000000
695485.125000 7007929.000000
634389.875000 7006536.000000
586790.125000 7008760.000000
549925.187500 7005253.000000
585276.500000 7007134.000000
642212.875000 7009095.000000
688404.125000 7013983.000000
750886.625000 7006906.000000
837375.625000 7008830.000000
1001617.250000 7006089.000000
1035245.562500 7002476.000000
991846.250000 7007270.000000
953324.000000 7008922.000000
915503.437500 7008464.000000
893218.375000 7007856.000000
953334.875000 7008189.000000
1005479.500000 7001874.000000
1074831.625000 7008554.000000
1163458.500000 7006945.000000
1335101.750000 7006122.000000
579615.125000 7008338.000000
655377.000000 7009973.000000
1071988.375000 7004749.000000
773318.625000 7010062.000000
724753.250000 7007165.000000
678594.000000 7005143.000000
637606.500000 7013236.000000
606784.187500 7007375.000000
665771.125000 7008157.000000
713582.500000 7008204.000000
775830.375000 7003878.000000
863467.000000 7008302.000000
1035153.125000 7010999.000000
579211.750000 7006688.000000
654711.937500 7007014.000000
1072133.250000 7003487.000000
774615.125000 7010736.000000
724066.625000 7005342.000000
678582.000000 7005482.000000
635298.125000 7009377.000000
608060.750000 7007184.000000
666548.562500 7007996.000000
713659.187500 7007493.000000
775999.250000 7007962.000000
863269.500000 7010182.000000
1032208.000000 7005934.000000
1065656.500000 7006948.000000
1039135.000000 7012010.000000
1003679.375000 7005233.000000
975468.375000 7007569.000000
974185.750000 7004616.000000
1028044.375000 7003557.000000
1098954.125000 7008488.000000
1191838.125000 7009445.000000
1363774.000000 7004040.000000
604860.250000 7004422.000000
694914.000000 7008398.000000
771643.125000 7007061.000000
1131058.500000 7001111.000000
804141.000000 7007500.000000
771680.062500 7009706.000000
731130.250000 7005831.000000
696966.375000 7010506.000000
690636.625000 7006054.000000
739913.750000 7006196.000000
806984.312500 7009970.000000
892224.125000 7005581.000000
1066774.875000 7009238.000000
604831.437500 7010584.000000
694247.500000 7011819.000000
771199.750000 7008817.000000
1131661.125000 7008331.000000
805348.937500 7008814.000000
771856.187500 7005409.000000
731492.750000 7012244.000000
696413.625000 7009707.000000
688695.875000 7001038.000000
741485.125000 7009514.000000
805774.125000 7007779.000000
892270.000000 7004173.000000
1067613.375000 7013579.000000
1111744.875000 7006122.000000
1090887.000000 7007778.000000
1065253.375000 7005400.000000
1060647.625000 7002442.000000
1054198.375000 7006336.000000
1127293.875000 7005252.000000
1221192.000000 7005154.000000
1321512.500000 6998299.000000
542593.375000 7007725.000000
633727.750000 7007821.000000
725911.625000 7006845.000000
803137.312500 7005090.000000
1215576.375000 7012116.000000
852111.312500 7010775.000000
825887.125000 7006194.000000
794068.750000 7009579.000000
783914.750000 7009942.000000
768797.625000 7004087.000000
838726.687500 7009262.000000
928295.875000 7008756.000000
1023265.375000 7005976.000000
543665.812500 7006556.000000
632992.750000 7007815.000000
724996.625000 7008144.000000
804413.250000 7005355.000000
1216047.750000 7004727.000000
853609.437500 7007655.000000
825876.750000 7010267.000000
795136.812500 7006777.000000
783914.250000 7002634.000000
766858.500000 7008981.000000
837241.875000 7005859.000000
926500.437500 7010382.000000
1022851.500000 7005969.000000
1170910.250000 7005791.000000
1158049.750000 7010909.000000
1160292.750000 7010453.000000
1147332.875000 7007789.000000
1161498.250000 7013379.000000
1259598.000000 7006410.000000
1369807.500000 7003629.000000
501797.812500 7005245.000000
586323.500000 7008817.000000
678458.875000 7005782.000000
772377.000000 7009160.000000
852591.187500 7007250.000000
1309410.500000 7009380.000000
913897.062500 7002241.000000
895858.000000 7005256.000000
891593.500000 7004504.000000
869924.250000 7011344.000000
874706.750000 7009612.000000
969305.250000 7007236.000000
1071590.375000 7007049.000000
504662.750000 7009864.000000
586079.625000 7010601.000000
679240.750000 7010454.000000
773807.250000 7009828.000000
851719.250000 7009107.000000
1308344.500000 7002915.000000
912237.625000 7010178.000000
896910.750000 7007136.000000
890981.500000 7011118.000000
870673.500000 7005703.000000
873630.375000 7005910.000000
968652.250000 7007181.000000
1073874.000000 7008388.000000
1246107.250000 7003957.000000
1267470.500000 7012880.000000
1257943.750000 7008300.000000
1267603.375000 7011750.000000
1303820.250000 7007435.000000
1420073.625000 7006571.000000
530754.875000 7007544.000000
550565.562500 7008513.000000
634010.250000 7006354.000000
731854.437500 7007815.000000
825350.250000 7001638.000000
914077.062500 7005034.000000
1429153.250000 7007705.000000
993265.875000 7014413.000000
1007293.500000 7011809.000000
988466.750000 7006834.000000
988761.375000 7003126.000000
1021373.250000 7009009.000000
1129344.500000 7006863.000000
530252.375000 7002501.000000
549061.875000 7002947.000000
636289.812500 7005295.000000
730960.375000 7001294.000000
826204.625000 7008796.000000
914049.375000 7005978.000000
1427711.500000 7008427.000000
992931.000000 7006695.000000
1007146.812500 7003356.000000
990314.500000 7008380.000000
988125.375000 7006348.000000
1018571.125000 7007272.000000
1129931.500000 7010351.000000
1382971.750000 7009341.000000
1375272.250000 7006019.000000
1384898.000000 7006085.000000
1425723.250000 7009679.000000
1477051.250000 7007324.000000
562004.625000 7005960.000000
585546.875000 7009206.000000
608203.250000 7007334.000000
695448.250000 7000689.000000
794779.000000 7009798.000000
895557.000000 7008958.000000
991789.875000 7010029.000000
1576034.250000 7010167.000000
1134590.500000 7009948.000000
1117355.875000 7002711.000000
1121032.375000 7010104.000000
1149147.750000 7005385.000000
1193156.125000 7004674.000000
564051.437500 7011785.000000
586285.125000 7011541.000000
606659.500000 7008115.000000
695976.062500 7003416.000000
792691.437500 7010936.000000
893894.375000 7005127.000000
993078.625000 7007848.000000
1575707.750000 7011986.000000
1133915.750000 7007213.000000
1117917.750000 7007312.000000
1121654.500000 7006346.000000
1150614.625000 7008525.000000
1191509.000000 7005280.000000
1543216.500000 7011299.000000
1556215.375000 7006975.000000
1594649.500000 7002865.000000
1646772.625000 7003379.000000
621393.875000 7010239.000000
642623.250000 7011822.000000
666291.375000 7009836.000000
690740.125000 7005550.000000
783611.500000 7010923.000000
889452.250000 7011866.000000
1007427.812500 7010576.000000
1134394.000000 7008027.000000
1771754.750000 7007155.000000
1296985.625000 7006317.000000
1306808.750000 7010089.000000
1336026.875000 7002920.000000
1378292.250000 7005533.000000
619808.250000 7007433.000000
642797.437500 7010355.000000
665796.125000 7009436.000000
688688.750000 7002455.000000
781850.812500 7006243.000000
890823.562500 7010649.000000
1006476.750000 7006846.000000
1135397.375000 7007870.000000
1770207.375000 7005780.000000
1298949.750000 7002779.000000
1305106.750000 7005749.000000
1337468.000000 7006879.000000
1380973.750000 7007283.000000
1625048.000000 7007460.000000
1668124.250000 7006634.000000
1722996.625000 7002674.000000
665415.875000 7004247.000000
689136.750000 7005821.000000
712826.187500 7008736.000000
740215.000000 7007374.000000
768192.125000 7005067.000000
871036.000000 7006816.000000
988269.437500 7007429.000000
1119942.375000 7008595.000000
1297646.250000 7006862.000000
2000850.875000 7006011.000000
1383111.500000 7005813.000000
1419117.000000 7005509.000000
1465488.250000 7011348.000000
666256.187500 7004964.000000
689992.500000 7008533.000000
713171.687500 7007234.000000
740331.250000 7001618.000000
769336.250000 7004031.000000
871917.625000 7006597.000000
987653.937500 7007704.000000
1119411.500000 7010215.000000
1299636.750000 7008788.000000
2000014.875000 7005469.000000
1382313.375000 7010259.000000
1416196.000000 7005096.000000
1464543.250000 7008642.000000
1760950.250000 7007411.000000
1819754.500000 7005576.000000
729116.312500 7005742.000000
751276.687500 7005881.000000
777812.250000 7010145.000000
805354.062500 6998147.000000
837264.500000 7008191.000000
874209.000000 7002818.000000
989153.750000 7007585.000000
1119883.625000 7004913.000000
1307554.000000 7010970.000000
1384795.625000 7010638.000000
2283411.250000 7012010.000000
1522309.750000 7007277.000000
1569809.250000 7005110.000000
728244.687500 7007714.000000
752111.062500 7004485.000000
777442.000000 7001605.000000
806847.125000 7009031.000000
836971.625000 7005495.000000
874204.875000 7002573.000000
988450.312500 7006985.000000
1121554.375000 7005263.000000
1307215.250000 7009514.000000
1381466.500000 7008094.000000
2280640.500000 7007679.000000
1523281.375000 7011041.000000
1572079.250000 7011689.000000
1940110.875000 7002040.000000
813549.062500 7008485.000000
837753.750000 7004336.000000
865157.875000 7011287.000000
893567.375000 7008961.000000
926357.000000 7007617.000000
972167.000000 7007374.000000
1021225.625000 7006846.000000
1151184.750000 7008656.000000
1339105.500000 7006253.000000
1418756.250000 7004755.000000
1521822.500000 7005707.000000
2624747.750000 7008764.000000
1706067.000000 7006070.000000
814965.625000 7006859.000000
838809.750000 7010500.000000
862728.750000 7009526.000000
892393.125000 7002352.000000
927654.375000 7008498.000000
971130.625000 7007991.000000
1019701.187500 7005402.000000
1148018.250000 7004589.000000
1336368.625000 7005307.000000
1419950.375000 7007436.000000
1521739.750000 7006731.000000
2624394.000000 7006709.000000
1706337.000000 7010010.000000
964362.250000 7013903.000000
1002005.125000 7008792.000000
1034647.687500 7007633.000000
1068166.000000 7005796.000000
1020536.625000 7004833.000000
1072124.250000 7006347.000000
1126742.875000 7005173.000000
1193175.500000 7008519.000000
1379059.625000 7006806.000000
1462840.375000 7006755.000000
1568913.250000 7004109.000000
1704077.000000 7005169.000000
3050204.250000 7007289.000000
963219.000000 7001704.000000
1003358.750000 7008820.000000
1034058.187500 7009026.000000
1065401.750000 7005758.000000
1021989.375000 7003657.000000
1073015.625000 7007244.000000
1127870.250000 7005984.000000
1193190.000000 7011555.000000
1379911.875000 7009618.000000
1465880.500000 7009424.000000
1570605.750000 7005113.000000
1705841.250000 7008251.000000
3049859.000000 7005647.000000
822383.125000 7007132.000000
856230.687500 7010237.000000
880823.625000 7009875.000000
822721.375000 7009789.000000
789775.000000 7009724.000000
818137.250000 7000548.000000
854376.937500 7008782.000000
913523.562500 7008176.000000
963479.625000 7003313.000000
1032074.750000 7006485.000000
1117704.500000 7002703.000000
1269244.375000 7007050.000000
996235.312500 7010392.000000
541735.687500 7005075.000000
579935.437500 7006944.000000
604983.875000 7005608.000000
543396.062500 7009833.000000
503432.562500 7009910.000000
530551.500000 7004384.000000
563780.062500 7005330.000000
619867.062500 7005621.000000
666488.812500 7002592.000000
729278.750000 7013938.000000
814894.125000 7008018.000000
960873.250000 7000079.000000
926936.875000 7007320.000000
963512.437500 7004877.000000
907528.375000 7007111.000000
866428.875000 7012201.000000
837497.687500 7005934.000000
874758.625000 7013920.000000
931051.750000 7003242.000000
984168.750000 7010270.000000
1053261.625000 7003367.000000
1142036.250000 7005408.000000
1308430.250000 7008953.000000
540547.812500 7006476.000000
1028850.250000 7006812.000000
654721.687500 7000749.000000
694559.750000 7005896.000000
633750.375000 7009119.000000
586549.250000 7005970.000000
550314.937500 7008766.000000
584422.375000 7004262.000000
642492.250000 7006470.000000
689259.750000 7003973.000000
751411.000000 7006799.000000
836842.750000 7002222.000000
1003144.312500 7010598.000000
1036541.375000 7006815.000000
992626.250000 7005567.000000
950718.312500 7007529.000000
915465.437500 7006974.000000
891783.062500 7007633.000000
953232.125000 7008348.000000
1004076.750000 7004395.000000
1073119.375000 7004771.000000
1162515.000000 7003771.000000
1337251.000000 7007996.000000
578916.500000 7006530.000000
653382.812500 7006627.000000
1072098.500000 7007811.000000
773487.125000 7009408.000000
725428.500000 7010400.000000
679798.625000 7005685.000000
636515.375000 7011009.000000
606744.000000 7010587.000000
666415.625000 7005096.000000
713063.062500 7009081.000000
779273.062500 7008631.000000
864212.750000 7009919.000000
1033453.375000 7005979.000000
1064423.250000 7006227.000000
1038980.562500 7004634.000000
1004619.375000 7009382.000000
975407.812500 7005447.000000
974031.625000 7005220.000000
1031744.250000 7008847.000000
1098897.500000 7007439.000000
1192143.500000 7009447.000000
1366105.500000 7003874.000000
605818.062500 7003022.000000
694317.625000 7011387.000000
770783.250000 7007400.000000
1128544.875000 7000415.000000
802931.375000 7002182.000000
773329.750000 7009387.000000
731691.000000 7007108.000000
695839.937500 7005956.000000
690065.250000 7005925.000000
741099.875000 7008399.000000
803927.000000 7006738.000000
892606.250000 7007070.000000
1067101.750000 7003031.000000
1110511.250000 7003904.000000
1089937.000000 7004958.000000
1065073.500000 7005765.000000
1059160.625000 7005645.000000
1053020.125000 7008170.000000
1127449.125000 7007790.000000
1223086.250000 7012260.000000
1322548.500000 7006110.000000
542511.875000 7008712.000000
633540.000000 7009232.000000
724015.000000 7007356.000000
803775.562500 7008764.000000
1213505.750000 7005046.000000
853621.750000 7005812.000000
827055.437500 7010436.000000
793113.562500 7004763.000000
782222.562500 7008503.000000
769277.000000 7010826.000000
838328.750000 7006288.000000
927308.187500 7012667.000000
1023744.250000 7007490.000000
1170881.750000 7006705.000000
1160599.375000 7009331.000000
1160581.625000 7009503.000000
1148171.000000 7008406.000000
1159462.875000 7003403.000000
1260169.875000 7005821.000000
1368772.000000 7010925.000000
503320.937500 7008027.000000
583801.750000 7005016.000000
678458.125000 7005692.000000
772924.000000 7006150.000000
852033.062500 7006325.000000
1308382.125000 7007301.000000
913656.062500 7011083.000000
896223.625000 7005512.000000
889233.375000 7005683.000000
871081.375000 7003530.000000
876195.437500 7008091.000000
968501.000000 7002621.000000
1072345.500000 7005042.000000
1247319.375000 7003891.000000
1267211.375000 7008188.000000
1257222.000000 7012258.000000
1265043.375000 7008246.000000
1302749.000000 7000238.000000
1419762.000000 7004941.000000
530549.500000 7005462.000000
550663.375000 7003958.000000
637799.687500 7008327.000000
731974.125000 7008985.000000
827527.625000 7009383.000000
913077.625000 7006864.000000
1428743.250000 7004490.000000
991711.250000 7007881.000000
1009409.500000 7010552.000000
987553.000000 7007515.000000
989761.875000 7004595.000000
1019654.875000 7008052.000000
1129116.875000 7003816.000000
1382027.625000 7006199.000000
1374674.625000 7004666.000000
1386134.000000 7010588.000000
1423702.750000 7007898.000000
1477120.000000 7002743.000000
564529.125000 7005059.000000
585183.687500 7002451.000000
607359.312500 7011056.000000
696652.875000 7006854.000000
795000.250000 7009651.000000
896793.625000 7007959.000000
992884.000000 7005289.000000
1576855.750000 7008524.000000
1133486.500000 7008041.000000
1117983.625000 7004130.000000
1120514.750000 7007130.000000
1150196.250000 7005763.000000
1194098.000000 7009035.000000
1541467.750000 7008545.000000
1555330.750000 7002870.000000
1594336.000000 7006641.000000
1646404.750000 7003620.000000
620576.625000 7007917.000000
642573.500000 7006086.000000
664687.750000 7007314.000000
689746.750000 7006913.000000
782701.750000 7009617.000000
890015.562500 7006252.000000
1006577.375000 7002409.000000
1135244.750000 7004498.000000
1770009.000000 7004103.000000
1298336.000000 7007714.000000
1307380.500000 7008981.000000
1336152.375000 7006216.000000
1378979.625000 7001821.000000
1623224.750000 7007919.000000
1667805.625000 7005716.000000
1725310.000000 7007476.000000
665942.625000 7008130.000000
689864.375000 7008521.000000
711698.000000 7006477.000000
740616.625000 7001812.000000
768897.500000 7007780.000000
870617.500000 7004291.000000
987653.625000 7005370.000000
1118462.000000 7003023.000000
1298488.000000 7006388.000000
1999896.750000 7009541.000000
1380956.500000 7005932.000000
1418534.750000 7006103.000000
1463480.250000 7006150.000000
1760826.375000 7004443.000000
1819114.000000 7004819.000000
729191.875000 7003650.000000
752454.812500 7004213.000000
777907.875000 7006701.000000
805888.125000 7007706.000000
837813.375000 7009741.000000
874787.000000 7001206.000000
988452.625000 7011309.000000
1122613.500000 7013559.000000
1307089.625000 7008990.000000
1380562.750000 7005156.000000
2282535.750000 7006980.000000
1521808.625000 7007938.000000
1569943.250000 7007758.000000
1941988.125000 7007915.000000
812081.687500 7004881.000000
836954.000000 7006861.000000
862688.500000 7007466.000000
894916.250000 7006772.000000
926698.375000 7006458.000000
971364.562500 7010589.000000
1019348.437500 7008837.000000
1150543.000000 7005521.000000
1337620.000000 7006255.000000
1417932.000000 7007193.000000
1521725.250000 7005187.000000
2623508.250000 7011711.000000
1704048.000000 7007284.000000
963917.562500 7010096.000000
1000208.687500 7008691.000000
1032177.437500 7007276.000000
1063382.500000 7005667.000000
1021371.437500 7004422.000000
1073237.500000 7006627.000000
1128957.875000 7008543.000000
1194408.125000 7005679.000000
1379136.000000 7007459.000000
1464545.750000 7009467.000000
1570604.750000 7006220.000000
1703870.250000 7005260.000000
3048765.000000 7004065.000000
820963.250000 7008079.000000
856477.375000 7006832.000000
881574.187500 7012597.000000
824803.812500 7007751.000000
790489.750000 7010378.000000
817893.625000 7004950.000000
854243.437500 7003988.000000
913860.125000 7011927.000000
962279.750000 7006142.000000
1029109.000000 7008404.000000
1120077.875000 7012487.000000
1269232.250000 7004516.000000
924646.375000 7004982.000000
964489.375000 7014386.000000
908353.375000 7003953.000000
866516.562500 7006826.000000
835118.625000 7002739.000000
874560.000000 7007484.000000
933934.187500 7008534.000000
984520.500000 7010975.000000
1051161.000000 7009398.000000
1140612.750000 7005878.000000
1307358.250000 7007724.000000
1035515.750000 7006577.000000
992736.250000 7007689.000000
952944.562500 7010500.000000
915541.250000 7008270.000000
892515.937500 7008720.000000
952012.187500 7004692.000000
1005895.750000 7009808.000000
1074882.500000 7009554.000000
1165343.000000 7005397.000000
1336313.250000 7006951.000000
1066159.625000 7005160.000000
1037289.250000 7004827.000000
1002992.000000 7003592.000000
974598.625000 7006522.000000
973930.250000 7007056.000000
1028789.250000 7003419.000000
1098946.750000 7003824.000000
1191367.000000 7009098.000000
1366148.750000 7008160.000000
1111177.000000 7009556.000000
1091254.750000 7007516.000000
1064297.000000 7001925.000000
1058820.250000 7006529.000000
1054631.000000 7004261.000000
1127296.250000 7004116.000000
1222559.125000 7006608.000000
1324400.125000 7008791.000000
1170969.750000 7002899.000000
1160125.250000 7007197.000000
1157687.000000 7007325.000000
1148385.625000 7008509.000000
1162287.750000 7010093.000000
1258502.750000 7005037.000000
1367842.500000 7006770.000000
1248839.500000 7009300.000000
1266324.625000 7006825.000000
1256495.000000 7007288.000000
1267328.625000 7010245.000000
1304277.500000 7005839.000000
1420178.875000 7010349.000000
1382274.125000 7007235.000000
1375381.500000 7008866.000000
1386872.500000 7008222.000000
1423312.250000 7007997.000000
1475552.000000 7002964.000000
1542042.500000 7006943.000000
1554835.125000 7004248.000000
1597085.250000 7008150.000000
1648996.125000 7004323.000000
1625592.750000 7005558.000000
1669926.250000 7009395.000000
1727340.000000 7009685.000000
1761069.875000 7008219.000000
1822432.250000 7009132.000000
1940118.125000 7003094.000000
