797362.812500 7447558.000000
830032.000000 7444400.000000
853208.000000 7445594.000000
793320.687500 7449088.000000
756013.875000 7444358.000000
780667.500000 7448702.000000
813260.125000 7446181.000000
866524.625000 7446465.000000
917376.437500 7451099.000000
977562.250000 7440472.000000
1065483.250000 7445337.000000
1211341.750000 7443387.000000
990423.375000 7448954.000000
508569.687500 7446651.000000
547739.625000 7451912.000000
571069.625000 7448198.000000
503769.312500 7449637.000000
458582.187500 7445329.000000
480936.968750 7447980.000000
509511.718750 7444204.000000
560586.812500 7445875.000000
604120.062500 7442666.000000
661045.000000 7443338.000000
738003.437500 7442404.000000
882613.875000 7445511.000000
991181.250000 7444401.000000
509915.562500 7444364.000000
547592.187500 7449647.000000
570573.375000 7450729.000000
501635.750000 7451346.000000
458608.375000 7448280.000000
481798.031250 7449718.000000
509540.375000 7447659.000000
562773.375000 7448008.000000
604452.312500 7448441.000000
661253.750000 7447302.000000
740040.750000 7445954.000000
884182.125000 7445239.000000
991834.500000 7452605.000000
509633.750000 7445714.000000
547753.000000 7446836.000000
569250.625000 7446521.000000
503408.062500 7443861.000000
459269.437500 7448618.000000
481213.125000 7446676.000000
509441.125000 7442988.000000
561550.687500 7444412.000000
603626.187500 7444538.000000
661076.000000 7440180.000000
741741.500000 7447567.000000
882360.187500 7447653.000000
898630.750000 7441803.000000
936539.500000 7451338.000000
877095.375000 7446930.000000
828538.250000 7448295.000000
798193.437500 7444706.000000
828853.250000 7446079.000000
883659.687500 7447061.000000
932565.562500 7447230.000000
997813.687500 7450050.000000
1084519.250000 7448522.000000
1243256.750000 7442914.000000
508802.250000 7446037.000000
1008338.375000 7444351.000000
619402.375000 7449876.000000
658580.437500 7446404.000000
592460.250000 7445436.000000
538204.750000 7445678.000000
499028.625000 7442906.000000
528005.000000 7446261.000000
579771.187500 7447706.000000
622915.250000 7446367.000000
681744.000000 7450081.000000
761621.000000 7445025.000000
917944.250000 7445379.000000
509208.875000 7443724.000000
1009694.250000 7444407.000000
620093.125000 7444691.000000
658817.500000 7447433.000000
591735.187500 7445982.000000
538042.500000 7443649.000000
498757.375000 7445371.000000
527498.687500 7441566.000000
580412.375000 7445534.000000
622597.250000 7446427.000000
680616.000000 7441937.000000
760977.875000 7448084.000000
918365.625000 7443283.000000
509871.500000 7445150.000000
1008418.000000 7443212.000000
617954.937500 7442345.000000
658012.125000 7446348.000000
593061.375000 7447855.000000
539789.750000 7448289.000000
499385.062500 7440752.000000
527852.562500 7446909.000000
579102.687500 7444539.000000
622629.250000 7446367.000000
682285.000000 7449491.000000
760595.187500 7442324.000000
918485.500000 7448924.000000
1006588.000000 7447744.000000
959355.625000 7448129.000000
914373.625000 7443171.000000
871222.750000 7448397.000000
846531.250000 7444087.000000
901352.875000 7443783.000000
950039.375000 7445742.000000
1016641.562500 7449051.000000
1102475.375000 7444551.000000
1270209.375000 7443931.000000
546060.875000 7445396.000000
618667.937500 7441985.000000
1040155.500000 7447283.000000
732889.000000 7449344.000000
682374.625000 7446773.000000
630115.062500 7448538.000000
581543.562500 7444594.000000
548017.125000 7448412.000000
601144.312500 7449072.000000
642622.562500 7442000.000000
702036.750000 7445220.000000
784190.000000 7449123.000000
945881.625000 7445272.000000
547230.750000 7445217.000000
620100.812500 7447365.000000
1039834.625000 7449327.000000
733223.125000 7444355.000000
681951.000000 7450848.000000
630976.500000 7444377.000000
580778.250000 7448221.000000
548576.000000 7446402.000000
599663.375000 7445973.000000
644307.937500 7445463.000000
701380.312500 7444918.000000
782438.875000 7446202.000000
945767.125000 7445814.000000
547823.375000 7445115.000000
619736.062500 7443189.000000
1038562.250000 7446365.000000
731709.812500 7446220.000000
681918.625000 7445725.000000
628926.250000 7441710.000000
580411.937500 7445086.000000
546678.937500 7444634.000000
599414.125000 7445598.000000
643069.625000 7448726.000000
703035.000000 7444128.000000
782196.125000 7444506.000000
945929.000000 7447206.000000
1030964.125000 7441074.000000
999374.187500 7446716.000000
959046.875000 7446080.000000
926035.750000 7446881.000000
922053.312500 7443681.000000
971576.000000 7442026.000000
1037932.812500 7443499.000000
1127503.125000 7443778.000000
1295464.250000 7442512.000000
568152.125000 7441869.000000
656841.437500 7445134.000000
733205.375000 7443714.000000
1080534.375000 7446891.000000
760077.375000 7452268.000000
722082.062500 7447216.000000
674481.750000 7443035.000000
632704.000000 7446751.000000
622988.250000 7445404.000000
665392.625000 7448059.000000
726151.125000 7442257.000000
809279.875000 7449903.000000
976690.125000 7449976.000000
570093.625000 7445689.000000
659139.437500 7447705.000000
733371.000000 7446080.000000
1081163.000000 7448612.000000
758217.937500 7449566.000000
721549.000000 7447421.000000
675147.875000 7443674.000000
633552.375000 7445942.000000
623065.125000 7443520.000000
666007.875000 7441930.000000
726714.375000 7445964.000000
807424.500000 7442322.000000
975710.500000 7447538.000000
570258.687500 7444649.000000
659204.125000 7442836.000000
732828.312500 7441403.000000
1081211.250000 7446498.000000
758433.875000 7447866.000000
722845.062500 7443118.000000
674520.750000 7444215.000000
633544.875000 7447225.000000
622527.125000 7446645.000000
666915.437500 7442432.000000
725992.625000 7443354.000000
808026.250000 7446009.000000
976540.000000 7445935.000000
1070384.625000 7445980.000000
1043313.375000 7444951.000000
1014127.687500 7446268.000000
1005262.000000 7447731.000000
994152.937500 7440368.000000
1063962.625000 7444828.000000
1153103.750000 7442197.000000
1250794.750000 7447125.000000
503937.093750 7446113.000000
592158.937500 7443796.000000
682924.375000 7446220.000000
757335.312500 7443974.000000
1148474.250000 7442732.000000
796996.750000 7444973.000000
766885.750000 7445282.000000
729647.312500 7447038.000000
711323.937500 7449093.000000
691613.812500 7442777.000000
753344.500000 7447231.000000
839605.312500 7451079.000000
929900.625000 7449073.000000
503527.312500 7446374.000000
593048.875000 7449196.000000
682552.750000 7445343.000000
758468.375000 7451496.000000
1151054.125000 7444851.000000
797943.562500 7447724.000000
768614.062500 7449126.000000
727331.625000 7441238.000000
710183.125000 7445584.000000
691439.500000 7449777.000000
752197.500000 7446673.000000
838854.937500 7443523.000000
929537.125000 7447016.000000
502751.187500 7440201.000000
591323.812500 7445519.000000
682766.562500 7444469.000000
758389.750000 7445970.000000
1150517.750000 7446169.000000
799844.812500 7446795.000000
767736.375000 7440156.000000
728626.437500 7443050.000000
710124.062500 7443325.000000
691550.125000 7442420.000000
754339.750000 7450377.000000
837831.125000 7441470.000000
929880.000000 7452531.000000
1119749.125000 7447354.000000
1105943.875000 7447233.000000
1100960.875000 7449285.000000
1083818.750000 7445181.000000
1095152.000000 7443526.000000
1188104.625000 7447574.000000
1292112.625000 7447565.000000
461095.343750 7446995.000000
539280.125000 7447150.000000
629414.125000 7445868.000000
721021.812500 7447374.000000
797417.500000 7448703.000000
1225796.000000 7446258.000000
848879.500000 7442111.000000
828328.875000 7444485.000000
815376.125000 7449353.000000
789400.000000 7447746.000000
790244.562500 7446250.000000
877517.500000 7444077.000000
972380.062500 7444882.000000
459496.031250 7441622.000000
539767.000000 7445349.000000
630175.062500 7445534.000000
722745.250000 7448655.000000
795350.062500 7442639.000000
1223354.625000 7441563.000000
849019.812500 7446341.000000
827689.937500 7443842.000000
814296.250000 7443590.000000
789196.687500 7448254.000000
788323.187500 7443884.000000
877155.625000 7448250.000000
970401.250000 7444620.000000
460344.375000 7443454.000000
539430.812500 7442294.000000
629574.500000 7444508.000000
721422.812500 7441227.000000
797763.625000 7446342.000000
1223745.750000 7447163.000000
850113.875000 7449597.000000
828534.375000 7445908.000000
813746.875000 7448131.000000
791100.562500 7448586.000000
789090.312500 7447169.000000
878043.375000 7450173.000000
973740.750000 7447023.000000
1189173.250000 7450158.000000
1206331.375000 7452961.000000
1189180.750000 7449376.000000
1194073.250000 7444840.000000
1229830.000000 7446142.000000
1338501.875000 7440726.000000
482024.781250 7443317.000000
499206.625000 7443354.000000
580223.500000 7442568.000000
675622.625000 7446972.000000
766579.062500 7444387.000000
849638.500000 7445296.000000
1322656.250000 7444387.000000
919699.625000 7448168.000000
929851.875000 7446111.000000
903232.312500 7446844.000000
900029.875000 7446192.000000
924335.875000 7445636.000000
1023818.062500 7449666.000000
481642.750000 7446329.000000
500415.656250 7446546.000000
579375.000000 7439773.000000
675511.187500 7450589.000000
767840.250000 7444134.000000
849664.875000 7446165.000000
1323423.250000 7444724.000000
916116.062500 7443660.000000
929542.750000 7445606.000000
904335.750000 7446595.000000
899261.000000 7448824.000000
924676.812500 7446337.000000
1023841.562500 7440643.000000
480569.625000 7446831.000000
500315.656250 7444911.000000
581798.375000 7451469.000000
673937.000000 7446468.000000
767157.750000 7445839.000000
848976.312500 7442496.000000
1324829.750000 7451136.000000
918453.875000 7447749.000000
929797.625000 7441578.000000
903101.750000 7448680.000000
898425.437500 7446454.000000
923479.625000 7443082.000000
1023301.875000 7440527.000000
1317514.500000 7440534.000000
1307102.500000 7449019.000000
1313281.750000 7445906.000000
1345246.375000 7444438.000000
1395787.875000 7442952.000000
509501.250000 7448788.000000
527702.312500 7444118.000000
547162.187500 7445745.000000
633551.375000 7448457.000000
728463.937500 7446962.000000
826705.125000 7446336.000000
919480.000000 7444100.000000
1450268.750000 7445138.000000
1053697.250000 7445250.000000
1029030.125000 7442250.000000
1027091.562500 7443270.000000
1049586.500000 7446870.000000
1087928.250000 7443067.000000
510290.812500 7447566.000000
527245.687500 7445764.000000
546282.000000 7442129.000000
631084.625000 7443910.000000
726427.625000 7443934.000000
828366.875000 7445052.000000
919308.625000 7446395.000000
1449966.625000 7442194.000000
1053815.750000 7444470.000000
1028919.500000 7444731.000000
1026623.937500 7440058.000000
1049951.250000 7444335.000000
1088353.750000 7450900.000000
509663.187500 7446210.000000
528120.125000 7444168.000000
547516.187500 7442258.000000
633736.125000 7443566.000000
728609.875000 7444544.000000
828256.812500 7443736.000000
919211.375000 7447821.000000
1449725.375000 7441897.000000
1055105.000000 7445014.000000
1031526.500000 7440502.000000
1026701.875000 7447811.000000
1049784.125000 7444918.000000
1085856.250000 7443697.000000
1472733.250000 7440677.000000
1480532.125000 7449391.000000
1517082.750000 7448679.000000
1567181.750000 7446340.000000
564227.500000 7448937.000000
580629.812500 7443044.000000
600630.375000 7444394.000000
624541.187500 7449279.000000
709955.687500 7442502.000000
815403.750000 7450109.000000
931414.750000 7453249.000000
1053069.875000 7441718.000000
1623155.125000 7446537.000000
1213340.000000 7445483.000000
1213810.000000 7447544.000000
1238818.000000 7446023.000000
1272460.500000 7445079.000000
562246.312500 7444502.000000
580504.562500 7450599.000000
600292.500000 7443412.000000
622716.250000 7444056.000000
709599.562500 7438431.000000
817179.812500 7444023.000000
930017.250000 7443621.000000
1054075.750000 7443899.000000
1623385.750000 7445606.000000
1212464.250000 7441861.000000
1211653.875000 7440764.000000
1238054.250000 7447993.000000
1274717.375000 7448380.000000
563550.125000 7448930.000000
580166.500000 7442034.000000
600753.750000 7446527.000000
623489.000000 7442099.000000
711401.062500 7450218.000000
814230.750000 7444263.000000
929422.562500 7445153.000000
1056018.125000 7450490.000000
1623525.000000 7445605.000000
1213214.875000 7445987.000000
1212369.500000 7446886.000000
1239601.750000 7447213.000000
1273069.250000 7447836.000000
1545019.125000 7441582.000000
1586990.500000 7445354.000000
1640729.625000 7443510.000000
604685.812500 7446191.000000
622287.875000 7444506.000000
642732.062500 7447329.000000
665659.875000 7445685.000000
692711.750000 7450867.000000
790585.437500 7444299.000000
905607.312500 7446783.000000
1030850.750000 7447019.000000
1212515.625000 7444993.000000
1837771.500000 7452025.000000
1285133.125000 7442819.000000
1316740.375000 7448938.000000
1356618.875000 7445085.000000
602696.250000 7441890.000000
621869.875000 7445418.000000
642186.812500 7441299.000000
665701.812500 7441054.000000
691773.812500 7446596.000000
791521.562500 7447859.000000
904400.250000 7445017.000000
1029951.875000 7442922.000000
1214501.000000 7451487.000000
1837078.000000 7445195.000000
1284966.750000 7447582.000000
1314897.000000 7441572.000000
1358774.500000 7442152.000000
604295.625000 7449089.000000
622363.937500 7451909.000000
644057.312500 7442914.000000
666542.062500 7442332.000000
691583.625000 7448726.000000
791230.000000 7448705.000000
904354.125000 7445426.000000
1030149.125000 7443855.000000
1212723.750000 7447343.000000
1838333.500000 7446291.000000
1285156.500000 7443523.000000
1317628.875000 7441648.000000
1355991.250000 7445390.000000
1679553.875000 7448884.000000
1735698.500000 7443052.000000
661791.562500 7449379.000000
680342.000000 7446043.000000
702163.937500 7448318.000000
726285.250000 7443505.000000
754199.250000 7449249.000000
789673.000000 7447254.000000
899302.000000 7449262.000000
1027743.500000 7447403.000000
1213394.375000 7444867.000000
1285613.000000 7451397.000000
2108303.000000 7443129.000000
1418062.375000 7448065.000000
1462738.375000 7445587.000000
660242.687500 7442845.000000
680182.250000 7445055.000000
702044.625000 7443839.000000
728234.687500 7450426.000000
754617.875000 7447184.000000
790331.000000 7450626.000000
897986.000000 7439919.000000
1027669.937500 7451664.000000
1213286.125000 7445620.000000
1286610.000000 7447264.000000
2106404.750000 7445838.000000
1418189.750000 7445243.000000
1462399.375000 7439381.000000
660270.000000 7442829.000000
679423.750000 7443846.000000
701518.625000 7447580.000000
727497.375000 7448996.000000
753823.500000 7444182.000000
788514.375000 7445721.000000
897333.250000 7443582.000000
1027005.937500 7449950.000000
1212514.250000 7443375.000000
1286635.875000 7447076.000000
2105785.250000 7444190.000000
1418372.625000 7442703.000000
1464585.500000 7443797.000000
1861305.625000 7445397.000000
740623.625000 7443211.000000
760101.062500 7445830.000000
781517.125000 7445795.000000
808263.250000 7447469.000000
838832.250000 7448400.000000
878449.625000 7443917.000000
924353.750000 7446769.000000
1051783.500000 7444023.000000
1237215.875000 7448859.000000
1317229.750000 7449944.000000
1420831.250000 7447914.000000
2447724.000000 7449148.000000
1601132.250000 7445688.000000
740825.062500 7445616.000000
760129.500000 7442489.000000
782912.125000 7445156.000000
808258.937500 7446685.000000
839245.125000 7448239.000000
878367.125000 7452271.000000
925497.250000 7444808.000000
1050569.375000 7451448.000000
1238280.375000 7445585.000000
1317894.500000 7444117.000000
1420132.000000 7448580.000000
2453306.750000 7448825.000000
1602676.375000 7446078.000000
740243.250000 7444684.000000
760033.562500 7448358.000000
781333.562500 7447887.000000
807553.562500 7445165.000000
837437.187500 7442069.000000
878790.000000 7445657.000000
923381.250000 7443759.000000
1049865.000000 7443453.000000
1238664.000000 7443790.000000
1319722.750000 7450434.000000
1419315.125000 7446486.000000
2448756.500000 7444035.000000
1602549.000000 7445100.000000
882288.062500 7441838.000000
917130.625000 7441873.000000
946699.187500 7446741.000000
977011.000000 7447887.000000
927962.250000 7445784.000000
972423.937500 7450225.000000
1025947.562500 7444090.000000
1087907.125000 7448089.000000
1272417.875000 7448663.000000
1356179.750000 7445783.000000
1464794.375000 7447229.000000
1602895.125000 7452670.000000
2882408.250000 7447779.000000
882566.062500 7449420.000000
918916.375000 7446625.000000
947076.750000 7446487.000000
975256.000000 7444942.000000
928239.812500 7445877.000000
973127.875000 7446497.000000
1024708.125000 7447822.000000
1089576.250000 7447134.000000
1271498.375000 7444343.000000
1356382.750000 7444475.000000
1460907.500000 7436762.000000
1601319.250000 7444043.000000
2881581.000000 7444603.000000
882222.750000 7445998.000000
919178.875000 7446221.000000
945845.250000 7443122.000000
973732.750000 7442381.000000
928956.000000 7448013.000000
972047.250000 7444654.000000
1024428.625000 7444514.000000
1087339.000000 7449189.000000
1272346.750000 7444513.000000
1356216.500000 7448537.000000
1465125.125000 7448087.000000
1599137.250000 7443811.000000
2883257.500000 7447684.000000
796268.625000 7446842.000000
831475.812500 7442618.000000
854849.500000 7449220.000000
792521.625000 7444860.000000
756384.562500 7446832.000000
781136.375000 7454856.000000
811667.000000 7441325.000000
867942.125000 7444991.000000
916179.437500 7446146.000000
979409.250000 7448591.000000
1063058.000000 7441873.000000
1210272.625000 7443371.000000
990358.000000 7450680.000000
508232.312500 7451221.000000
547596.750000 7449621.000000
569875.312500 7442936.000000
504248.343750 7445116.000000
458882.250000 7444858.000000
480519.000000 7444679.000000
509862.968750 7444859.000000
562262.562500 7448213.000000
603165.312500 7441797.000000
661280.875000 7445874.000000
741879.125000 7446235.000000
880910.062500 7445662.000000
989083.250000 7445250.000000
509333.968750 7445213.000000
546971.937500 7441734.000000
570803.625000 7444363.000000
503659.656250 7444639.000000
458658.718750 7446345.000000
481190.187500 7445935.000000
509576.312500 7443754.000000
561678.875000 7450162.000000
604183.000000 7444375.000000
660859.312500 7448254.000000
739422.625000 7444888.000000
881241.312500 7440613.000000
898912.750000 7445475.000000
937151.937500 7450669.000000
876065.000000 7451527.000000
828775.187500 7446442.000000
796916.812500 7446306.000000
828476.125000 7444761.000000
884964.687500 7449028.000000
933766.437500 7450848.000000
997312.062500 7446645.000000
1083656.250000 7450346.000000
1246434.625000 7449960.000000
509674.843750 7446931.000000
1011354.500000 7448800.000000
618384.125000 7447289.000000
657313.375000 7442197.000000
590990.125000 7443417.000000
539238.500000 7445794.000000
498962.718750 7443833.000000
526893.812500 7441773.000000
581131.187500 7443671.000000
621639.125000 7442067.000000
680363.687500 7447035.000000
761205.187500 7452025.000000
918274.125000 7447210.000000
509903.875000 7449362.000000
1010766.250000 7445407.000000
618676.875000 7443587.000000
659118.250000 7443453.000000
592257.250000 7446185.000000
540304.000000 7444894.000000
500056.875000 7447519.000000
526594.312500 7442062.000000
580885.625000 7448667.000000
622594.625000 7442610.000000
681681.812500 7448349.000000
761347.375000 7446838.000000
916433.312500 7442313.000000
1006941.500000 7445428.000000
960783.875000 7450097.000000
914236.812500 7442264.000000
872344.250000 7446609.000000
844896.437500 7444798.000000
903164.000000 7444281.000000
952086.500000 7444806.000000
1016712.750000 7444190.000000
1103627.500000 7444063.000000
1271038.125000 7446758.000000
548041.000000 7445417.000000
616915.812500 7446021.000000
1039008.000000 7445869.000000
730702.937500 7441994.000000
682693.125000 7441449.000000
631268.000000 7443881.000000
581564.062500 7447870.000000
545903.250000 7441489.000000
600173.000000 7444745.000000
642751.500000 7445176.000000
701431.562500 7445808.000000
782208.312500 7442386.000000
946374.625000 7442339.000000
546045.500000 7449171.000000
618525.187500 7448045.000000
1039635.562500 7447510.000000
733903.500000 7451228.000000
681843.500000 7443505.000000
630742.625000 7449636.000000
581385.500000 7444237.000000
548232.625000 7446421.000000
601126.625000 7446662.000000
643071.562500 7443291.000000
702238.875000 7447190.000000
782907.687500 7444516.000000
945822.125000 7444786.000000
1031509.500000 7442817.000000
1000809.062500 7451968.000000
958928.750000 7447390.000000
924327.812500 7446934.000000
921052.187500 7444162.000000
972148.437500 7445085.000000
1039256.500000 7447545.000000
1125837.500000 7447301.000000
1296357.750000 7446483.000000
570253.125000 7443840.000000
658910.000000 7443452.000000
731784.812500 7442684.000000
1080572.500000 7451671.000000
760690.250000 7445087.000000
723288.625000 7445634.000000
673711.875000 7449000.000000
633064.562500 7445451.000000
621493.937500 7441894.000000
666343.000000 7443799.000000
726061.125000 7445703.000000
806875.437500 7446448.000000
975026.687500 7449595.000000
570145.500000 7449039.000000
657275.062500 7445023.000000
731715.437500 7441207.000000
1080585.000000 7446239.000000
758807.500000 7444661.000000
722679.812500 7443936.000000
672625.875000 7441904.000000
632976.250000 7442820.000000
623560.687500 7445802.000000
667775.937500 7443226.000000
727089.625000 7447912.000000
807970.750000 7446151.000000
975033.875000 7449845.000000
1070051.500000 7444644.000000
1044138.562500 7447926.000000
1014282.250000 7447023.000000
1004649.125000 7442878.000000
994272.375000 7447108.000000
1062962.750000 7445059.000000
1153373.500000 7439502.000000
1253172.875000 7448701.000000
502732.312500 7444570.000000
591643.187500 7438945.000000
681812.375000 7442897.000000
757546.625000 7444282.000000
1150599.750000 7446711.000000
798015.812500 7446145.000000
766770.750000 7443785.000000
729840.500000 7446763.000000
710644.812500 7444477.000000
690393.625000 7445263.000000
754986.250000 7445635.000000
837500.312500 7440167.000000
927678.187500 7444362.000000
503368.531250 7446500.000000
592646.875000 7445036.000000
682420.375000 7449069.000000
758363.625000 7445193.000000
1149718.750000 7446039.000000
798526.250000 7450821.000000
767632.125000 7444485.000000
727670.750000 7446468.000000
711614.937500 7448041.000000
692439.187500 7444600.000000
753125.062500 7443367.000000
838174.437500 7446625.000000
929965.625000 7449095.000000
1121317.000000 7447185.000000
1105005.125000 7442968.000000
1099678.875000 7443998.000000
1084327.000000 7450524.000000
1093486.750000 7439403.000000
1188055.750000 7443279.000000
1292510.625000 7441663.000000
458984.437500 7449814.000000
538879.687500 7445630.000000
630694.125000 7446915.000000
723383.250000 7446603.000000
797118.187500 7446701.000000
1222297.625000 7444485.000000
849382.500000 7444451.000000
826896.750000 7441542.000000
814442.062500 7442951.000000
790645.750000 7444360.000000
791485.750000 7446982.000000
876272.125000 7444644.000000
971341.750000 7443793.000000
460213.562500 7445368.000000
537826.500000 7442992.000000
630914.375000 7452692.000000
721816.000000 7442669.000000
799806.312500 7450265.000000
1223708.875000 7440452.000000
849979.562500 7445031.000000
827883.000000 7444419.000000
815592.250000 7446240.000000
790060.812500 7446623.000000
790012.937500 7452148.000000
877314.875000 7447331.000000
972288.875000 7450299.000000
1186585.250000 7446523.000000
1206570.875000 7450555.000000
1189477.375000 7449149.000000
1197005.000000 7448132.000000
1230814.000000 7447034.000000
1341953.375000 7448754.000000
482563.656250 7451888.000000
499685.812500 7450092.000000
580797.750000 7446991.000000
675072.500000 7440991.000000
767303.250000 7441162.000000
850863.000000 7443793.000000
1324351.875000 7446888.000000
917654.875000 7444323.000000
928918.875000 7446251.000000
903340.875000 7446610.000000
897406.750000 7440469.000000
924354.875000 7448136.000000
1025569.125000 7449180.000000
480152.718750 7444708.000000
499035.531250 7448965.000000
580789.937500 7448697.000000
674754.562500 7447715.000000
767427.125000 7446167.000000
850021.812500 7446992.000000
1322053.375000 7448120.000000
918635.750000 7445167.000000
929850.750000 7443137.000000
904142.125000 7447519.000000
900056.437500 7447008.000000
924006.750000 7445562.000000
1027074.625000 7444942.000000
1320701.750000 7453460.000000
1305375.500000 7445084.000000
1311403.000000 7449254.000000
1347434.500000 7444984.000000
1395608.500000 7440488.000000
509786.156250 7446172.000000
528384.500000 7450863.000000
548022.937500 7440473.000000
633545.875000 7449073.000000
729847.750000 7446331.000000
827872.625000 7442564.000000
918710.437500 7447575.000000
1450440.750000 7446340.000000
1055450.625000 7446869.000000
1031817.000000 7443778.000000
1026421.000000 7446719.000000
1050047.500000 7447809.000000
1086522.500000 7446866.000000
509603.718750 7448312.000000
529075.312500 7449159.000000
546551.125000 7443483.000000
631298.250000 7443741.000000
728278.187500 7444800.000000
827840.250000 7443958.000000
918850.500000 7447338.000000
1448382.125000 7443366.000000
1054944.125000 7445753.000000
1031522.312500 7449809.000000
1025906.250000 7442833.000000
1051932.250000 7449008.000000
1087718.625000 7448191.000000
1471613.875000 7447593.000000
1482234.875000 7448468.000000
1518812.125000 7446621.000000
1566221.875000 7445997.000000
562039.187500 7444595.000000
579289.375000 7447867.000000
600648.437500 7445410.000000
623041.375000 7448909.000000
711937.562500 7450364.000000
814862.500000 7444070.000000
929629.875000 7445340.000000
1053423.500000 7442314.000000
1622539.000000 7440728.000000
1211734.375000 7448847.000000
1209501.750000 7442608.000000
1235880.250000 7441884.000000
1272639.250000 7444244.000000
562012.562500 7444720.000000
579093.687500 7441066.000000
600367.500000 7445856.000000
624034.812500 7447198.000000
710073.687500 7446394.000000
816794.062500 7446854.000000
932051.875000 7450855.000000
1054047.000000 7442362.000000
1620967.500000 7442944.000000
1212499.125000 7442892.000000
1214028.000000 7450679.000000
1239675.000000 7451965.000000
1272125.875000 7444466.000000
1547831.500000 7448734.000000
1586874.500000 7443804.000000
1642086.750000 7447195.000000
603542.875000 7445430.000000
622587.812500 7445046.000000
643507.125000 7450284.000000
667435.750000 7446913.000000
692331.000000 7443385.000000
788853.375000 7446291.000000
903269.875000 7449817.000000
1031501.250000 7449074.000000
1212116.750000 7444237.000000
1836505.750000 7441707.000000
1287288.250000 7448309.000000
1319177.750000 7446071.000000
1356257.000000 7445053.000000
603799.125000 7449772.000000
622877.375000 7448674.000000
643973.000000 7443754.000000
666437.125000 7446121.000000
692185.937500 7442617.000000
790134.875000 7440676.000000
905394.375000 7451400.000000
1030268.937500 7442020.000000
1211533.375000 7445977.000000
1839473.250000 7445304.000000
1286009.875000 7445378.000000
1317357.125000 7450256.000000
1354864.875000 7444388.000000
1678603.000000 7447392.000000
1738050.625000 7444073.000000
661288.937500 7447104.000000
681161.125000 7449672.000000
701291.000000 7448277.000000
725786.625000 7436227.000000
755541.687500 7450550.000000
789268.937500 7444358.000000
899024.937500 7449440.000000
1027941.750000 7444367.000000
1211841.000000 7443190.000000
1287759.000000 7446958.000000
2109341.750000 7449024.000000
1418693.125000 7444937.000000
1464990.250000 7444545.000000
660625.812500 7442904.000000
679622.000000 7443708.000000
702154.625000 7449054.000000
725715.500000 7445423.000000
753155.062500 7444211.000000
789368.687500 7450037.000000
900018.812500 7446765.000000
1026184.375000 7444274.000000
1212573.000000 7442866.000000
1286508.250000 7445791.000000
2108380.000000 7445467.000000
1419929.500000 7441814.000000
1464489.000000 7449286.000000
1860906.750000 7444708.000000
741446.812500 7449712.000000
761346.312500 7446331.000000
783973.000000 7448411.000000
808824.937500 7447988.000000
839148.312500 7443249.000000
877339.687500 7446213.000000
923686.625000 7445177.000000
1050194.500000 7444755.000000
1236559.625000 7445060.000000
1317629.375000 7446836.000000
1419194.250000 7442253.000000
2448917.250000 7443790.000000
1604030.500000 7449319.000000
740441.437500 7449692.000000
759337.500000 7447835.000000
783003.000000 7448194.000000
807947.875000 7448818.000000
837801.875000 7446696.000000
878800.062500 7448484.000000
924571.375000 7446728.000000
1051572.000000 7445852.000000
1240027.875000 7445604.000000
1317627.250000 7450665.000000
1417858.375000 7444287.000000
2451534.500000 7444529.000000
1601627.750000 7441986.000000
882628.812500 7445071.000000
918050.062500 7444687.000000
947193.437500 7449516.000000
974537.062500 7452370.000000
927716.687500 7444514.000000
972347.500000 7445294.000000
1024973.125000 7446816.000000
1085566.500000 7441982.000000
1274032.875000 7447000.000000
1358091.125000 7443865.000000
1464915.875000 7447604.000000
1602369.250000 7447571.000000
2881834.750000 7443492.000000
882708.375000 7446704.000000
916226.250000 7445330.000000
944900.937500 7442289.000000
975347.437500 7446110.000000
928682.250000 7449824.000000
973266.187500 7443099.000000
1025766.625000 7450829.000000
1085066.875000 7442867.000000
1274658.625000 7451392.000000
1356224.000000 7448653.000000
1463310.375000 7444121.000000
1601868.000000 7444310.000000
2881542.250000 7445985.000000
796397.250000 7443338.000000
830220.875000 7445239.000000
852432.000000 7441959.000000
794022.687500 7448203.000000
754571.437500 7445969.000000
780564.812500 7445027.000000
814107.062500 7445526.000000
869625.875000 7449780.000000
917497.562500 7448881.000000
978876.625000 7446093.000000
1065285.625000 7450221.000000
1212686.000000 7447475.000000
991608.125000 7446051.000000
508528.687500 7447459.000000
547407.875000 7445865.000000
570021.750000 7440719.000000
503008.562500 7445321.000000
459484.437500 7445849.000000
481130.687500 7446977.000000
509364.687500 7449134.000000
562749.062500 7444930.000000
603954.187500 7443359.000000
662307.312500 7448541.000000
741426.500000 7446094.000000
881609.000000 7443797.000000
898501.812500 7441672.000000
937837.562500 7450084.000000
877895.687500 7451473.000000
830039.625000 7449013.000000
795318.750000 7444863.000000
828920.875000 7448783.000000
884661.125000 7444133.000000
930655.750000 7443156.000000
997805.562500 7447083.000000
1082270.750000 7443834.000000
1246999.000000 7448002.000000
509964.125000 7446442.000000
1010226.125000 7446549.000000
618008.437500 7444353.000000
657644.625000 7445403.000000
592529.062500 7444428.000000
539422.625000 7446145.000000
499219.468750 7450030.000000
528171.625000 7448538.000000
580690.500000 7446161.000000
622282.562500 7448328.000000
679593.500000 7445059.000000
759467.250000 7443670.000000
918401.875000 7445034.000000
1005516.500000 7445921.000000
960588.250000 7447896.000000
915684.625000 7445283.000000
871388.250000 7446220.000000
846153.812500 7444875.000000
902677.125000 7446169.000000
951083.875000 7442095.000000
1018100.187500 7450917.000000
1102329.125000 7444379.000000
1269810.000000 7445823.000000
545572.125000 7444478.000000
618679.312500 7449593.000000
1041070.875000 7448223.000000
732964.750000 7445044.000000
681667.437500 7445950.000000
631743.875000 7450715.000000
580196.375000 7446443.000000
547329.250000 7449644.000000
599809.875000 7443017.000000
643532.750000 7444847.000000
703014.187500 7448557.000000
781589.250000 7446664.000000
946199.062500 7447189.000000
1029375.500000 7444369.000000
999580.625000 7446311.000000
957130.625000 7449542.000000
923075.250000 7448099.000000
921774.812500 7445292.000000
970678.625000 7450263.000000
1037765.500000 7443058.000000
1124504.750000 7440889.000000
1296835.625000 7450950.000000
570954.125000 7446281.000000
657462.375000 7445058.000000
733025.812500 7444734.000000
1081522.750000 7447380.000000
759055.000000 7448504.000000
722805.375000 7446721.000000
675673.375000 7449351.000000
633205.250000 7445638.000000
623493.250000 7449879.000000
666899.625000 7444751.000000
725730.250000 7443335.000000
808529.687500 7447175.000000
976271.875000 7445572.000000
1069587.250000 7448338.000000
1044781.875000 7445043.000000
1012362.562500 7444011.000000
1003822.250000 7447692.000000
993708.812500 7448195.000000
1061148.500000 7444467.000000
1152776.000000 7444735.000000
1252458.750000 7444931.000000
504160.437500 7449125.000000
592990.875000 7444329.000000
681803.250000 7442935.000000
757690.812500 7444642.000000
1150100.125000 7446974.000000
798833.750000 7449375.000000
767299.500000 7447103.000000
726694.250000 7446582.000000
711222.875000 7444629.000000
692616.937500 7447244.000000
753235.250000 7444665.000000
837973.437500 7443861.000000
930319.437500 7444251.000000
1119962.750000 7442605.000000
1103987.250000 7445269.000000
1100897.250000 7445789.000000
1083044.000000 7443985.000000
1093431.625000 7448390.000000
1188985.500000 7443276.000000
1292760.500000 7447399.000000
458584.062500 7448180.000000
540031.625000 7446530.000000
631743.500000 7450758.000000
721446.812500 7448994.000000
797052.875000 7445184.000000
1227227.000000 7450754.000000
848936.812500 7450067.000000
826825.500000 7445304.000000
814418.687500 7445985.000000
789360.687500 7449797.000000
788787.125000 7443774.000000
877181.937500 7445675.000000
971444.250000 7445940.000000
1187306.875000 7445307.000000
1204485.000000 7445430.000000
1188972.500000 7442903.000000
1193969.875000 7446777.000000
1230114.125000 7445347.000000
1341495.500000 7446992.000000
480520.625000 7446221.000000
499234.500000 7441835.000000
581669.125000 7449455.000000
673096.250000 7442146.000000
768149.812500 7450595.000000
851182.375000 7447904.000000
1322959.750000 7446880.000000
919115.812500 7448681.000000
931062.812500 7446542.000000
906026.000000 7448124.000000
896950.250000 7442140.000000
924509.437500 7448732.000000
1024938.000000 7444242.000000
1319377.750000 7449450.000000
1305830.750000 7448138.000000
1312523.125000 7448758.000000
1346822.500000 7446144.000000
1397493.000000 7448793.000000
510018.500000 7448842.000000
527190.500000 7442531.000000
548427.875000 7448064.000000
632335.125000 7448895.000000
728247.500000 7440125.000000
827306.437500 7447259.000000
917482.312500 7448883.000000
1449400.500000 7448289.000000
1055629.250000 7443153.000000
1031836.750000 7449234.000000
1027493.500000 7451445.000000
1048796.625000 7445265.000000
1088370.875000 7447130.000000
1470386.000000 7446308.000000
1485629.750000 7450643.000000
1519186.500000 7448429.000000
1565115.375000 7446017.000000
562657.375000 7447525.000000
580481.875000 7445531.000000
600643.437500 7445564.000000
623318.937500 7445032.000000
713535.312500 7447500.000000
814736.375000 7444532.000000
929209.125000 7442555.000000
1055149.000000 7448433.000000
1621121.750000 7443112.000000
1213130.000000 7447802.000000
1211938.875000 7442134.000000
1237583.875000 7446356.000000
1272523.750000 7450681.000000
1546951.000000 7445054.000000
1586237.250000 7442079.000000
1639444.250000 7449041.000000
603052.000000 7439179.000000
622475.187500 7444552.000000
643349.375000 7446254.000000
667156.875000 7442463.000000
691983.937500 7442912.000000
789551.062500 7445812.000000
902087.500000 7443931.000000
1031004.187500 7446698.000000
1211486.875000 7443885.000000
1837773.625000 7446332.000000
1287256.750000 7449221.000000
1316144.250000 7447537.000000
1356635.250000 7444891.000000
1677259.000000 7443876.000000
1735561.750000 7440453.000000
661773.937500 7448590.000000
679050.875000 7444515.000000
701795.750000 7444888.000000
726811.062500 7447559.000000
754225.375000 7448860.000000
788845.187500 7443531.000000
899029.562500 7440054.000000
1027803.125000 7450010.000000
1211021.375000 7440850.000000
1286402.625000 7443177.000000
2109168.000000 7449725.000000
1419550.250000 7447437.000000
1464528.500000 7447344.000000
1858052.250000 7443550.000000
740520.812500 7443444.000000
761157.875000 7443395.000000
781807.125000 7446757.000000
808062.062500 7441368.000000
837150.125000 7441921.000000
878708.687500 7449785.000000
925195.500000 7449171.000000
1048991.000000 7444426.000000
1238858.000000 7446646.000000
1316671.375000 7440316.000000
1418638.375000 7442190.000000
2452555.000000 7448476.000000
1602393.000000 7446341.000000
881981.750000 7446948.000000
917220.250000 7442822.000000
945146.500000 7444368.000000
975471.125000 7447644.000000
930869.625000 7448973.000000
972583.687500 7442265.000000
1025913.937500 7449220.000000
1086495.875000 7442205.000000
1273292.375000 7448440.000000
1356558.375000 7448991.000000
1463217.000000 7446559.000000
1603546.250000 7446360.000000
2882812.750000 7448818.000000
797432.000000 7448218.000000
831162.250000 7445072.000000
855108.375000 7450281.000000
791885.562500 7442335.000000
754452.250000 7443639.000000
780988.937500 7445277.000000
813915.750000 7445770.000000
869320.625000 7442519.000000
916921.937500 7444703.000000
979088.875000 7445994.000000
1064237.875000 7440496.000000
1212746.875000 7447277.000000
899275.187500 7447281.000000
937519.375000 7447480.000000
874943.000000 7447441.000000
828827.250000 7443742.000000
796289.000000 7445846.000000
829021.000000 7444783.000000
885068.187500 7451093.000000
931851.250000 7443533.000000
996843.000000 7447192.000000
1082352.000000 7442372.000000
1244225.000000 7444443.000000
1005670.937500 7451723.000000
959388.750000 7444357.000000
913406.625000 7446035.000000
872075.250000 7447068.000000
846334.187500 7447538.000000
903748.625000 7446357.000000
950240.562500 7443236.000000
1016421.500000 7448373.000000
1103496.625000 7450456.000000
1270868.500000 7442319.000000
1030714.875000 7444889.000000
1000211.125000 7449128.000000
960236.500000 7445336.000000
923374.750000 7450297.000000
921964.625000 7444380.000000
971898.625000 7448588.000000
1036541.062500 7445066.000000
1126348.000000 7443930.000000
1295248.250000 7446498.000000
1070800.000000 7446116.000000
1045607.687500 7448023.000000
1014350.125000 7448025.000000
1004918.375000 7446284.000000
994079.125000 7442628.000000
1062757.750000 7453161.000000
1153827.000000 7444415.000000
1252484.375000 7445207.000000
1120012.625000 7447405.000000
1105787.875000 7450195.000000
1100258.750000 7440218.000000
1082648.500000 7440835.000000
1095377.625000 7447228.000000
1188474.250000 7447208.000000
1295426.250000 7452575.000000
1186662.750000 7443769.000000
1204319.750000 7443826.000000
1190077.000000 7451191.000000
1193262.750000 7441635.000000
1230556.375000 7447896.000000
1341368.875000 7448137.000000
1318949.250000 7446116.000000
1305510.125000 7440581.000000
1312844.750000 7443010.000000
1346306.125000 7444879.000000
1396144.125000 7444390.000000
1473241.625000 7446524.000000
1481310.125000 7448186.000000
1519369.250000 7447059.000000
1566256.500000 7445475.000000
1545787.125000 7444119.000000
1585894.375000 7446110.000000
1639501.500000 7443805.000000
1679163.750000 7453776.000000
1738044.750000 7447520.000000
1861417.000000 7448474.000000
