223458432.000000 643447808.000000
236732576.000000 642466112.000000
243446208.000000 642936512.000000
242253728.000000 643067328.000000
244854864.000000 642040064.000000
258531264.000000 642438976.000000
272299552.000000 642405184.000000
288154208.000000 642491072.000000
304177280.000000 642536192.000000
322233856.000000 642399680.000000
341903680.000000 642584320.000000
368503424.000000 642092416.000000
323821120.000000 642618112.000000
207623168.000000 642614144.000000
213064000.000000 642246080.000000
220491312.000000 642689088.000000
219218448.000000 642760320.000000
222072800.000000 642172736.000000
236691104.000000 642363776.000000
251332640.000000 642621952.000000
268066496.000000 643298880.000000
285001472.000000 642859136.000000
304132576.000000 643190336.000000
324642880.000000 642586112.000000
353089696.000000 643092864.000000
323696192.000000 642186496.000000
207680112.000000 642481728.000000
213483360.000000 643022336.000000
220555456.000000 642776768.000000
219104256.000000 643008384.000000
222164000.000000 642044352.000000
236745120.000000 643055232.000000
251131680.000000 642658432.000000
267944064.000000 643176064.000000
284857504.000000 642424640.000000
303551552.000000 641714304.000000
324409024.000000 642479936.000000
353122528.000000 643025920.000000
324051392.000000 643144512.000000
207576048.000000 642533376.000000
213499136.000000 642950464.000000
220139840.000000 642234432.000000
219009696.000000 642562944.000000
222398848.000000 642815808.000000
236706096.000000 642536000.000000
250924960.000000 642415360.000000
267627392.000000 642387584.000000
284873952.000000 642589312.000000
303986368.000000 642481728.000000
324524416.000000 642204864.000000
352908384.000000 642513920.000000
248141184.000000 642287040.000000
254792352.000000 642686336.000000
254137872.000000 642853888.000000
257446144.000000 642821888.000000
262782000.000000 642566208.000000
278412064.000000 643339648.000000
293237344.000000 641843840.000000
310158400.000000 642879936.000000
327524192.000000 642595840.000000
347319104.000000 642757312.000000
374059584.000000 642553856.000000
207442016.000000 642278464.000000
345313248.000000 642858880.000000
225832064.000000 642818624.000000
233093856.000000 642699392.000000
231958464.000000 642705472.000000
235255232.000000 642796416.000000
240843120.000000 642552640.000000
257135840.000000 643084416.000000
273834528.000000 642434496.000000
280893280.000000 642687360.000000
299257664.000000 620309632.000000
330417600.000000 642398592.000000
346185664.000000 642525248.000000
207830448.000000 642736512.000000
333375360.000000 642626560.000000
225972336.000000 643090432.000000
224933888.000000 642193664.000000
231915264.000000 642905920.000000
234982400.000000 642612608.000000
241093776.000000 642850688.000000
256968096.000000 642500288.000000
273835712.000000 642920704.000000
290997568.000000 642710144.000000
309991680.000000 642888320.000000
330763392.000000 643001344.000000
346402528.000000 642502592.000000
207590256.000000 642761472.000000
333337504.000000 620377024.000000
225918112.000000 642787072.000000
233039296.000000 642712448.000000
231795872.000000 642801984.000000
226852128.000000 642414528.000000
241111776.000000 642813184.000000
257269376.000000 620512640.000000
273830688.000000 642559616.000000
290925952.000000 642655808.000000
309855072.000000 642453824.000000
318889344.000000 620103680.000000
358881920.000000 642895232.000000
266524560.000000 642703040.000000
265583232.000000 642881728.000000
269191232.000000 643128640.000000
274688000.000000 620823616.000000
281966368.000000 642934336.000000
298989824.000000 620586944.000000
304156576.000000 642250368.000000
321734080.000000 620505920.000000
340719456.000000 642900288.000000
366146752.000000 620389952.000000
213335104.000000 642242432.000000
225843888.000000 642714176.000000
366835808.000000 620462464.000000
245301056.000000 642604352.000000
235881344.000000 642728320.000000
247732176.000000 620444608.000000
245027264.000000 642810368.000000
252176768.000000 620079040.000000
279538656.000000 620602816.000000
286642880.000000 620485760.000000
315664608.000000 642671488.000000
324521088.000000 620395712.000000
352168512.000000 620641792.000000
205937728.000000 642527232.000000
225822096.000000 642603200.000000
354011008.000000 642313472.000000
244955136.000000 642536000.000000
235820640.000000 620316352.000000
239187872.000000 620389120.000000
244622176.000000 620158016.000000
252531552.000000 642832128.000000
269902016.000000 620263552.000000
286431232.000000 642225536.000000
304889984.000000 642703168.000000
324714432.000000 642714368.000000
352020512.000000 620596160.000000
213416544.000000 598376576.000000
218065952.000000 620281408.000000
366489088.000000 620473792.000000
236878720.000000 642492800.000000
235763552.000000 642502976.000000
230591376.000000 620604032.000000
244806656.000000 642594496.000000
252608896.000000 642929920.000000
279474656.000000 642587584.000000
286376192.000000 642236800.000000
304592096.000000 619812928.000000
324786336.000000 620696896.000000
364719296.000000 620705792.000000
267638144.000000 620753152.000000
280534560.000000 642498432.000000
177823424.000000 642796224.000000
283656800.000000 620333632.000000
293072576.000000 642891968.000000
321261280.000000 642755968.000000
315535872.000000 642426240.000000
345828672.000000 619839296.000000
371916384.000000 620252288.000000
220490080.000000 620341952.000000
224887248.000000 642376064.000000
245436672.000000 643047360.000000
374722176.000000 620652544.000000
247986784.000000 620708096.000000
251298864.000000 620136832.000000
266156416.000000 642720256.000000
264594560.000000 642374912.000000
274860768.000000 620645440.000000
292809664.000000 643002304.000000
310742848.000000 620159360.000000
330832512.000000 642663680.000000
370626240.000000 642798848.000000
212737024.000000 642693248.000000
233076032.000000 642583488.000000
236906816.000000 642882560.000000
374537152.000000 620713408.000000
247877888.000000 642849152.000000
260395152.000000 642756416.000000
256768080.000000 642291520.000000
273934432.000000 619945664.000000
274539968.000000 620868800.000000
303275264.000000 642790848.000000
310692704.000000 642408960.000000
342630528.000000 620349184.000000
357690848.000000 620426752.000000
220254176.000000 620448640.000000
225035264.000000 620510144.000000
245043584.000000 642713728.000000
374686880.000000 642704576.000000
247614960.000000 642747200.000000
251311232.000000 642395136.000000
265986912.000000 642465216.000000
264687600.000000 642522304.000000
284362624.000000 620397056.000000
293002976.000000 620925760.000000
310787680.000000 642488768.000000
220360128.000000 620366656.000000
370993024.000000 642915136.000000
281590144.000000 620326016.000000
296856512.000000 642281280.000000
294452224.000000 642659968.000000
303655552.000000 642289664.000000
314105152.000000 620574592.000000
332583360.000000 642498432.000000
351471488.000000 620615296.000000
384859296.000000 642367744.000000
211562464.000000 642541568.000000
231994224.000000 642667328.000000
244573696.000000 620890368.000000
256864800.000000 642444032.000000
393113984.000000 620723264.000000
272042112.000000 620785088.000000
258865696.000000 643143040.000000
285838784.000000 642784768.000000
296442368.000000 643076032.000000
307643072.000000 643038528.000000
316473024.000000 642569920.000000
348572864.000000 642555968.000000
357663104.000000 620554304.000000
219050240.000000 642449600.000000
223584416.000000 642748608.000000
244617552.000000 643365760.000000
256279008.000000 642006144.000000
406972128.000000 642771392.000000
262657280.000000 620446848.000000
277556960.000000 642012608.000000
275906432.000000 642215936.000000
296193952.000000 642519808.000000
296958400.000000 620784128.000000
328357504.000000 642989504.000000
336484704.000000 642563904.000000
370641408.000000 642680512.000000
211109472.000000 620082560.000000
232111808.000000 643354688.000000
235782656.000000 642659072.000000
256447392.000000 642452544.000000
392894048.000000 642796288.000000
271922368.000000 642480320.000000
268182672.000000 642350464.000000
285719104.000000 642321664.000000
286216160.000000 642730880.000000
307386272.000000 642500288.000000
316454400.000000 642265664.000000
348482368.000000 642827904.000000
358207744.000000 642937920.000000
307963904.000000 642482752.000000
304536064.000000 642477184.000000
325476224.000000 642432960.000000
324424064.000000 642274816.000000
348990432.000000 642586304.000000
357215552.000000 642898112.000000
391728832.000000 642384000.000000
206948112.000000 620570432.000000
235376480.000000 643016192.000000
239174208.000000 642377856.000000
260348320.000000 642890048.000000
262669952.000000 642795904.000000
426016896.000000 642836288.000000
279451136.000000 642583232.000000
297702144.000000 642989376.000000
297284288.000000 642856384.000000
319198176.000000 642878912.000000
321047840.000000 642381120.000000
354657728.000000 642872896.000000
365199040.000000 642755584.000000
222325776.000000 642713792.000000
226826272.000000 641728256.000000
247668528.000000 642583744.000000
251554912.000000 642892864.000000
271868992.000000 642518912.000000
411698048.000000 643364480.000000
289350144.000000 642384512.000000
287374272.000000 642757760.000000
307764032.000000 642956608.000000
307980256.000000 642535104.000000
332544096.000000 642605632.000000
342332256.000000 642704064.000000
377903488.000000 642386176.000000
222320784.000000 642778112.000000
235118832.000000 642667392.000000
247805312.000000 642726336.000000
260002608.000000 641694208.000000
271900288.000000 642626432.000000
425796032.000000 642473344.000000
289427360.000000 642738048.000000
297518464.000000 642718080.000000
297174752.000000 642729984.000000
319382336.000000 642837696.000000
332743648.000000 642704064.000000
354595264.000000 620720128.000000
378072096.000000 642800192.000000
326669664.000000 620637568.000000
335842080.000000 642299456.000000
347298624.000000 642944000.000000
360323232.000000 643040320.000000
374688128.000000 620488448.000000
398805184.000000 643016704.000000
228448672.000000 641961344.000000
241016672.000000 642825088.000000
244783136.000000 642534784.000000
266157856.000000 642724096.000000
268497120.000000 620458624.000000
289313920.000000 642263168.000000
429567296.000000 620821760.000000
309078272.000000 642456704.000000
319246368.000000 642267264.000000
330893056.000000 642584704.000000
332621888.000000 642444160.000000
359891360.000000 642562624.000000
384684096.000000 642655424.000000
236949056.000000 642880768.000000
240772368.000000 620274304.000000
253133088.000000 641933440.000000
256965216.000000 642044800.000000
278010752.000000 620570496.000000
279644992.000000 642949440.000000
444093760.000000 642032064.000000
298466752.000000 642599040.000000
319500736.000000 642587648.000000
319219456.000000 642426496.000000
344594976.000000 642508288.000000
347676000.000000 598589568.000000
384674176.000000 642336064.000000
236536960.000000 642497536.000000
240887952.000000 642792320.000000
244717280.000000 642363520.000000
266116064.000000 642513344.000000
258741248.000000 642829824.000000
289594400.000000 642486400.000000
429322624.000000 620377856.000000
309194432.000000 642709952.000000
319529216.000000 642530432.000000
331241696.000000 643081856.000000
332671584.000000 642800512.000000
360108864.000000 620949440.000000
371571456.000000 642824256.000000
347163200.000000 620160512.000000
357960256.000000 643179584.000000
357618752.000000 620403520.000000
372200800.000000 620216128.000000
389522816.000000 642568960.000000
242197280.000000 641856320.000000
257421408.000000 620771648.000000
252679424.000000 643204672.000000
274100032.000000 620254208.000000
275882432.000000 620459840.000000
297300800.000000 642406784.000000
308903552.000000 642115264.000000
463340448.000000 620429312.000000
331300192.000000 642854912.000000
341887552.000000 620185984.000000
355920512.000000 642842176.000000
371447584.000000 642730496.000000
390389696.000000 642498944.000000
251693520.000000 643028416.000000
248206320.000000 642664448.000000
261214128.000000 642240512.000000
264510240.000000 642267008.000000
286275200.000000 643047040.000000
297615904.000000 642694272.000000
309371968.000000 643204224.000000
463022208.000000 620165888.000000
330865920.000000 642306688.000000
342075616.000000 620610304.000000
355355392.000000 619899904.000000
371509504.000000 620352320.000000
390521376.000000 620593280.000000
242888320.000000 620920384.000000
257175008.000000 642620032.000000
261362592.000000 642249792.000000
274506816.000000 643175424.000000
286066464.000000 620395904.000000
297622144.000000 643069632.000000
309096448.000000 642459520.000000
463555488.000000 620915968.000000
319903744.000000 642873408.000000
330203392.000000 642328960.000000
343702400.000000 642780928.000000
358844480.000000 643122176.000000
390750976.000000 620560960.000000
369405536.000000 620359552.000000
382248736.000000 643078016.000000
397147168.000000 642708800.000000
415849600.000000 643439424.000000
267942528.000000 642961984.000000
273644256.000000 642517056.000000
279411104.000000 642508672.000000
274391264.000000 620555840.000000
296152192.000000 620148608.000000
307696768.000000 620565248.000000
319386016.000000 642627520.000000
330991200.000000 620268160.000000
482060608.000000 642464896.000000
355146720.000000 620694592.000000
368106752.000000 642826944.000000
383775104.000000 642144896.000000
403228352.000000 642749120.000000
258689520.000000 642651776.000000
273707808.000000 642217600.000000
279304576.000000 641976512.000000
284374720.000000 620459968.000000
285988192.000000 642689600.000000
296990624.000000 641915136.000000
308206144.000000 620227648.000000
319524544.000000 642601600.000000
465671680.000000 642786944.000000
354886080.000000 642599040.000000
355597568.000000 642744768.000000
383849600.000000 642469312.000000
389184960.000000 620737024.000000
267869504.000000 642918784.000000
264295392.000000 620484480.000000
279790592.000000 620701760.000000
284532384.000000 620804480.000000
296256512.000000 643275520.000000
297532672.000000 643179136.000000
319511360.000000 642618112.000000
331208544.000000 620687360.000000
482277888.000000 642669760.000000
355378944.000000 643218048.000000
368042880.000000 642526464.000000
370828544.000000 643318464.000000
403224864.000000 642785152.000000
387154304.000000 642399808.000000
401907456.000000 620434304.000000
420465600.000000 620534656.000000
285006880.000000 642967232.000000
290971840.000000 642734720.000000
286350432.000000 620127872.000000
303146240.000000 642650624.000000
296489056.000000 619913280.000000
308147456.000000 620793536.000000
319421792.000000 642666496.000000
342490432.000000 620929472.000000
343191936.000000 643125312.000000
498327072.000000 643273472.000000
360742880.000000 620207744.000000
389359968.000000 620399488.000000
394490912.000000 642600064.000000
275059872.000000 642375040.000000
290904576.000000 642300736.000000
296959328.000000 620626880.000000
293131040.000000 643036864.000000
307398176.000000 620971072.000000
319337312.000000 642480384.000000
330922880.000000 620378752.000000
342017920.000000 620241344.000000
354993472.000000 620503296.000000
498217152.000000 620666816.000000
373676128.000000 642831616.000000
389181088.000000 620267072.000000
408353472.000000 620336768.000000
284907584.000000 620302208.000000
290872064.000000 643116480.000000
296923360.000000 643133312.000000
292801120.000000 620719680.000000
307352224.000000 642733312.000000
319361728.000000 643034816.000000
330958976.000000 642627776.000000
342345696.000000 620773440.000000
354981600.000000 620917184.000000
480568192.000000 642498560.000000
373419520.000000 642519232.000000
388886336.000000 642290752.000000
394089152.000000 642445632.000000
407378592.000000 642766656.000000
425100224.000000 642202304.000000
304108160.000000 620825344.000000
310206016.000000 620921280.000000
304830400.000000 620487104.000000
322014848.000000 642352256.000000
327712960.000000 620174336.000000
332336480.000000 642564352.000000
332824800.000000 621187328.000000
343469760.000000 642256384.000000
368355936.000000 642910464.000000
373714400.000000 620632000.000000
513569920.000000 620382272.000000
395061408.000000 643132800.000000
399235712.000000 619678976.000000
303852512.000000 642501248.000000
299258336.000000 620495680.000000
316013248.000000 643180224.000000
311220928.000000 642963456.000000
327838944.000000 642765888.000000
332770112.000000 642762816.000000
344472704.000000 642577408.000000
343461952.000000 620787904.000000
367756640.000000 642221440.000000
373113792.000000 642362240.000000
513952416.000000 642690176.000000
395204096.000000 642960704.000000
414207744.000000 643014848.000000
303797024.000000 642548608.000000
309862528.000000 620251136.000000
315564256.000000 642586624.000000
321991168.000000 642000192.000000
327918496.000000 620225024.000000
332616512.000000 642677120.000000
332513472.000000 642593088.000000
355512768.000000 642350848.000000
368000960.000000 642240960.000000
373763104.000000 642751680.000000
513633664.000000 642661824.000000
394448320.000000 642288704.000000
414425472.000000 643172608.000000
431206944.000000 642921344.000000
324321152.000000 642125568.000000
330216544.000000 620346944.000000
336153344.000000 642373248.000000
330503072.000000 642566720.000000
348429376.000000 620483584.000000
354933376.000000 620829440.000000
347538944.000000 620419072.000000
371371712.000000 642561088.000000
383946976.000000 642846464.000000
389277152.000000 642668736.000000
394854784.000000 642763008.000000
529804800.000000 642817280.000000
419624000.000000 642654272.000000
324481664.000000 642285568.000000
330235264.000000 642265984.000000
336176864.000000 642383040.000000
342776576.000000 642969088.000000
348189952.000000 620445184.000000
342094176.000000 619757696.000000
359761888.000000 642049280.000000
371831712.000000 643251456.000000
383411776.000000 642314304.000000
389055808.000000 642871552.000000
395002912.000000 620610752.000000
510811904.000000 642228608.000000
419204928.000000 642364864.000000
324781952.000000 642568512.000000
330425952.000000 642852224.000000
336647360.000000 621277504.000000
342764672.000000 643113344.000000
324329792.000000 642600064.000000
354615680.000000 642474688.000000
347570368.000000 642862144.000000
358321280.000000 642274432.000000
370579808.000000 620661824.000000
375791872.000000 643033344.000000
394582432.000000 642386816.000000
511521920.000000 643013952.000000
419810432.000000 620673920.000000
352779424.000000 642292352.000000
346220480.000000 620103296.000000
364311488.000000 620101376.000000
370837120.000000 642811776.000000
370534912.000000 642555456.000000
378212800.000000 642987008.000000
384279040.000000 642012992.000000
390536768.000000 642346688.000000
402755776.000000 642084992.000000
393940480.000000 642023488.000000
413654400.000000 642257216.000000
419669760.000000 620401280.000000
529054784.000000 642861952.000000
353219808.000000 642860800.000000
358891680.000000 620535424.000000
351843008.000000 642334336.000000
370924896.000000 642588800.000000
357997056.000000 620507392.000000
378417440.000000 642746688.000000
371370048.000000 642589952.000000
390531168.000000 642987136.000000
389145088.000000 642777920.000000
394439808.000000 642827392.000000
414008832.000000 642652032.000000
420053472.000000 642953536.000000
547695936.000000 642761152.000000
352763264.000000 642232256.000000
358710240.000000 620327360.000000
364822304.000000 643028480.000000
370368064.000000 619841984.000000
345025152.000000 620708928.000000
378138880.000000 620816896.000000
371742528.000000 620922752.000000
376863680.000000 642768192.000000
389203584.000000 620719360.000000
394595008.000000 620679296.000000
399645632.000000 642632576.000000
420217472.000000 620980352.000000
528699584.000000 620391296.000000
231280768.000000 642757504.000000
228456032.000000 642728064.000000
243564576.000000 643329408.000000
233947360.000000 643027456.000000
236514400.000000 642227072.000000
258964960.000000 642599680.000000
272474016.000000 642674304.000000
288061120.000000 642893952.000000
294072576.000000 620406976.000000
322130432.000000 642123520.000000
330188608.000000 620332544.000000
368781344.000000 642715648.000000
323790496.000000 642692416.000000
207687120.000000 620496128.000000
213687040.000000 620971456.000000
220514784.000000 642942592.000000
211367760.000000 620793728.000000
222221632.000000 642594112.000000
228367488.000000 620301760.000000
251170656.000000 642486400.000000
267627600.000000 642530816.000000
285147712.000000 642697984.000000
304266080.000000 643023232.000000
324666624.000000 620478656.000000
352724480.000000 642294272.000000
323852352.000000 642517504.000000
200725712.000000 642924288.000000
213285088.000000 642530432.000000
220262112.000000 642982464.000000
219059360.000000 642668672.000000
222046208.000000 620121728.000000
236475024.000000 620641728.000000
251086880.000000 642478016.000000
268092224.000000 643083072.000000
285052992.000000 642688768.000000
303763648.000000 642247488.000000
313662464.000000 643017664.000000
353002816.000000 642995328.000000
248195424.000000 620264000.000000
255210656.000000 643043200.000000
254179872.000000 620281088.000000
257346624.000000 642435904.000000
253632320.000000 642761984.000000
277880064.000000 642767488.000000
293762848.000000 620570560.000000
309994880.000000 642615808.000000
327799040.000000 642608320.000000
335555808.000000 642917952.000000
373980448.000000 642392704.000000
207652032.000000 642814592.000000
345390656.000000 643096064.000000
226016224.000000 643185984.000000
233131744.000000 642453632.000000
231906784.000000 642661248.000000
227015264.000000 620030144.000000
232701504.000000 642693760.000000
257295168.000000 642957824.000000
273761792.000000 642657280.000000
281143232.000000 643187968.000000
310048992.000000 620846912.000000
318733664.000000 620307008.000000
346580448.000000 620449408.000000
207628032.000000 643244480.000000
345041344.000000 619869952.000000
225951552.000000 620537728.000000
224899648.000000 642906368.000000
231665616.000000 642512064.000000
235259072.000000 642294912.000000
240791904.000000 642646144.000000
257209568.000000 642653120.000000
273740736.000000 642794496.000000
290877216.000000 642835008.000000
310031840.000000 642905088.000000
330615296.000000 643123328.000000
359234688.000000 643084096.000000
266456880.000000 621032384.000000
266057216.000000 621251456.000000
269254528.000000 620711168.000000
265110752.000000 620830016.000000
281916416.000000 620159552.000000
298920896.000000 620368000.000000
315403072.000000 642623744.000000
333705504.000000 643594944.000000
352683360.000000 642476096.000000
379722304.000000 643035840.000000
213220560.000000 620214400.000000
225404496.000000 619624000.000000
366889248.000000 620497024.000000
245230016.000000 642565248.000000
244098080.000000 641944064.000000
239077408.000000 642012224.000000
244485728.000000 642192640.000000
261455424.000000 642804736.000000
269961216.000000 642836608.000000
296619680.000000 642430400.000000
304849408.000000 642904512.000000
335960544.000000 642490560.000000
364712544.000000 642793728.000000
213217600.000000 620222464.000000
225831136.000000 642537472.000000
354056480.000000 642931840.000000
245125376.000000 642672448.000000
244411456.000000 642917504.000000
247487840.000000 642457088.000000
253411296.000000 642349184.000000
261660096.000000 643074944.000000
279577184.000000 642827072.000000
297124544.000000 643109120.000000
315718848.000000 642967680.000000
336439936.000000 642974592.000000
364561280.000000 620755904.000000
267677152.000000 642496640.000000
280717760.000000 642434112.000000
276437984.000000 642435840.000000
283821440.000000 642833856.000000
303069760.000000 619981760.000000
310130656.000000 620491136.000000
327300032.000000 642538816.000000
358415680.000000 642296512.000000
384995392.000000 642478592.000000
212824800.000000 642433024.000000
225053856.000000 642568064.000000
245190768.000000 642598784.000000
387969856.000000 620592320.000000
256735840.000000 620725120.000000
260006592.000000 620227904.000000
256832160.000000 642334336.000000
274324192.000000 620588864.000000
284497664.000000 642786304.000000
303449952.000000 620907520.000000
321950784.000000 620218816.000000
330856032.000000 642772800.000000
370717984.000000 642504960.000000
212837952.000000 643165184.000000
225094848.000000 620700416.000000
236699648.000000 620507456.000000
387912064.000000 620733184.000000
248089872.000000 643128064.000000
251960800.000000 643699328.000000
257384768.000000 621135424.000000
274223808.000000 620495680.000000
274665248.000000 642769984.000000
302884096.000000 620292416.000000
321979872.000000 642775360.000000
330868800.000000 642984768.000000
370952160.000000 620778752.000000
281441408.000000 620343424.000000
286540576.000000 620154368.000000
304985728.000000 642742400.000000
303850112.000000 643095680.000000
325236864.000000 620477312.000000
332578208.000000 620581568.000000
364071296.000000 620597504.000000
371767168.000000 620504320.000000
218822400.000000 641972480.000000
231978960.000000 642971712.000000
235687936.000000 620335616.000000
256775904.000000 642477632.000000
406875968.000000 620410624.000000
272199808.000000 620447296.000000
268386016.000000 620594688.000000
275858880.000000 642262272.000000
296204416.000000 620466880.000000
307155936.000000 620506048.000000
327722048.000000 642414848.000000
348466304.000000 642667904.000000
370571328.000000 620265344.000000
219186000.000000 620582656.000000
231899904.000000 620252096.000000
243966368.000000 620026624.000000
256818464.000000 620717056.000000
406811808.000000 642670144.000000
271940480.000000 642785088.000000
277756896.000000 642229376.000000
276079552.000000 643099392.000000
296244256.000000 620883584.000000
307409920.000000 642523136.000000
327680928.000000 620128256.000000
348249920.000000 642271168.000000
370540000.000000 642723072.000000
297247136.000000 620397568.000000
315702080.000000 620461632.000000
325680032.000000 642864128.000000
335872960.000000 642206592.000000
337071648.000000 642700416.000000
369897376.000000 642732480.000000
392042144.000000 642526336.000000
222245232.000000 642639104.000000
226998240.000000 642197376.000000
247789488.000000 642733888.000000
251249312.000000 620117120.000000
272172128.000000 620463104.000000
425748000.000000 620428160.000000
289382944.000000 642621120.000000
287484224.000000 620573120.000000
307894592.000000 620460736.000000
308357248.000000 642936832.000000
332850176.000000 620603264.000000
354369824.000000 642178368.000000
378390080.000000 642875264.000000
214300512.000000 641815168.000000
235150144.000000 620067328.000000
247888320.000000 642614080.000000
260563680.000000 643233024.000000
272082432.000000 620391808.000000
425924832.000000 620704896.000000
279709056.000000 643052544.000000
297303584.000000 642261376.000000
308207360.000000 621132736.000000
319215488.000000 642441856.000000
332422144.000000 642491968.000000
354566624.000000 643028352.000000
365111552.000000 642746624.000000
326387648.000000 642423424.000000
336450368.000000 642788160.000000
347199648.000000 642799296.000000
359995424.000000 620858176.000000
374847520.000000 642547200.000000
398262208.000000 642572160.000000
236885280.000000 642708224.000000
240914432.000000 642319872.000000
253497344.000000 642324928.000000
266314624.000000 642688704.000000
277946432.000000 642913728.000000
289551296.000000 642533120.000000
444387456.000000 642349568.000000
309158304.000000 642843584.000000
319488320.000000 642852096.000000
330787040.000000 642617728.000000
344434336.000000 642737984.000000
359760864.000000 642331520.000000
385032800.000000 643143040.000000
236641376.000000 642825152.000000
240927424.000000 642192192.000000
253461552.000000 642314752.000000
266307680.000000 620360704.000000
268156464.000000 620549056.000000
289698240.000000 643163776.000000
444469184.000000 642496128.000000
308992672.000000 620547712.000000
319702784.000000 643056192.000000
319577728.000000 642397824.000000
332729984.000000 620599936.000000
359774432.000000 620441344.000000
384644384.000000 642561536.000000
347032416.000000 642623680.000000
357805056.000000 620414656.000000
370313216.000000 620035648.000000
372284608.000000 642705728.000000
403436448.000000 620190592.000000
242540000.000000 642349120.000000
257025216.000000 620610816.000000
261196704.000000 642349056.000000
264453440.000000 642029440.000000
275891392.000000 642087872.000000
287342272.000000 642543104.000000
308902272.000000 642755584.000000
447422112.000000 642885888.000000
319421056.000000 642424256.000000
330616640.000000 642733312.000000
343224640.000000 642130944.000000
358915072.000000 620756032.000000
390435872.000000 620383744.000000
242809280.000000 620708864.000000
248427360.000000 642999552.000000
252228240.000000 642245184.000000
264843072.000000 642411200.000000
276076384.000000 620573312.000000
297640192.000000 620769280.000000
298192192.000000 620207680.000000
463317504.000000 642579648.000000
319944384.000000 620727808.000000
342093248.000000 642829312.000000
343238976.000000 642730496.000000
371423360.000000 642528640.000000
376993984.000000 642505600.000000
356875520.000000 642523648.000000
368946304.000000 642751360.000000
396854368.000000 642369984.000000
415174464.000000 642438784.000000
267826880.000000 642761152.000000
264212736.000000 642719872.000000
279708512.000000 642742144.000000
284085120.000000 642014464.000000
296292736.000000 620479424.000000
307943552.000000 620637824.000000
308285824.000000 642083968.000000
331030112.000000 642473856.000000
482103744.000000 642631168.000000
342420928.000000 642222528.000000
354985984.000000 641689856.000000
370756512.000000 642786688.000000
402598432.000000 620023168.000000
267708816.000000 620410560.000000
273857920.000000 642878656.000000
279790144.000000 620492480.000000
274616224.000000 620744192.000000
285809728.000000 642630848.000000
297227840.000000 642623808.000000
319423104.000000 620139968.000000
331438016.000000 643017856.000000
465781888.000000 620662208.000000
342947648.000000 642677632.000000
355612288.000000 642828032.000000
370573216.000000 642675200.000000
389389760.000000 598796224.000000
387404704.000000 620904256.000000
374447488.000000 642594944.000000
391262464.000000 642441472.000000
275015264.000000 643199104.000000
280808032.000000 620092160.000000
276352096.000000 620838400.000000
303195200.000000 642467840.000000
296727200.000000 642694400.000000
319258880.000000 642869824.000000
331198752.000000 620925440.000000
342168384.000000 620483200.000000
355005952.000000 642327232.000000
480531008.000000 642388608.000000
373641344.000000 620601344.000000
375317504.000000 642195968.000000
408418304.000000 620452096.000000
285080928.000000 642774144.000000
280979808.000000 620884864.000000
296745088.000000 642604224.000000
303185920.000000 620022272.000000
307301440.000000 642703616.000000
308153600.000000 642363520.000000
330650272.000000 642538880.000000
330477664.000000 642876928.000000
342552864.000000 642318848.000000
480917248.000000 642784896.000000
373701920.000000 642653952.000000
375569984.000000 642407936.000000
408708096.000000 620957440.000000
393308224.000000 642687360.000000
425629120.000000 620304448.000000
303858528.000000 642229696.000000
309855200.000000 642866048.000000
293840096.000000 642599040.000000
322097888.000000 642597184.000000
316540736.000000 642969920.000000
332596096.000000 620490176.000000
344579200.000000 642874368.000000
342928256.000000 641643712.000000
368550784.000000 642930176.000000
373753568.000000 620721920.000000
513215936.000000 642089344.000000
395011872.000000 642772736.000000
414358912.000000 642843264.000000
293295968.000000 642110208.000000
309631392.000000 620226560.000000
304711616.000000 642442368.000000
311108224.000000 642913344.000000
316930048.000000 620885056.000000
321460672.000000 642960192.000000
332672288.000000 620493440.000000
343192576.000000 642265856.000000
367913216.000000 642459648.000000
360728768.000000 642551488.000000
513606080.000000 642307840.000000
381349760.000000 642933824.000000
399851392.000000 642909440.000000
430786464.000000 620304320.000000
324201696.000000 642537024.000000
330429472.000000 642456704.000000
336436608.000000 642720256.000000
342499520.000000 620295296.000000
348135904.000000 642207552.000000
354557152.000000 620432512.000000
360173696.000000 643009408.000000
371325728.000000 642632192.000000
384072256.000000 620782336.000000
389006912.000000 620242112.000000
381103104.000000 642707712.000000
529508448.000000 620251136.000000
420134976.000000 643005248.000000
324588608.000000 642537024.000000
330422720.000000 620733440.000000
336053120.000000 620103104.000000
342619264.000000 642837184.000000
348528320.000000 642665472.000000
354571648.000000 620320576.000000
360065664.000000 620601472.000000
371759328.000000 620747904.000000
383606720.000000 642516608.000000
389085536.000000 642620032.000000
394860128.000000 620577152.000000
511052096.000000 642379200.000000
419654080.000000 620085440.000000
353272384.000000 643050688.000000
359332768.000000 643573120.000000
364447200.000000 642730880.000000
370723168.000000 620066368.000000
370493312.000000 642448768.000000
377916160.000000 642438976.000000
385071744.000000 642822848.000000
390202016.000000 642344128.000000
389341984.000000 643151680.000000
408462400.000000 642675200.000000
399828544.000000 642754496.000000
420135360.000000 620987456.000000
548091712.000000 620882432.000000
340962112.000000 642594560.000000
346448448.000000 642667968.000000
364369408.000000 620198144.000000
370759040.000000 620245120.000000
358383488.000000 621474880.000000
364947008.000000 642406528.000000
371484224.000000 642665408.000000
390633536.000000 620444672.000000
403141248.000000 642717120.000000
408647424.000000 642728192.000000
414222240.000000 642857600.000000
419567424.000000 620209984.000000
528875232.000000 642669824.000000
231357760.000000 620729216.000000
236920272.000000 642954624.000000
243110048.000000 642224320.000000
241926752.000000 620419520.000000
245317056.000000 642787072.000000
258883936.000000 642921728.000000
272325248.000000 642331776.000000
288230976.000000 620424128.000000
304441536.000000 642307328.000000
311401440.000000 642722560.000000
342181504.000000 620933888.000000
368596768.000000 642582016.000000
312400256.000000 642362496.000000
207735104.000000 642832896.000000
213320896.000000 620364800.000000
220190736.000000 620409536.000000
218954560.000000 642474496.000000
222481296.000000 620489728.000000
228647712.000000 620573696.000000
251220432.000000 642240896.000000
267695328.000000 620219264.000000
284919360.000000 642281664.000000
303907904.000000 642458048.000000
324883008.000000 643009408.000000
340843584.000000 642663168.000000
248081984.000000 620084032.000000
254913552.000000 642850176.000000
254145536.000000 642855296.000000
257394096.000000 642732480.000000
262716256.000000 642525888.000000
277924864.000000 642223936.000000
293787808.000000 620662336.000000
309678016.000000 620227776.000000
327662880.000000 642294336.000000
335620928.000000 643037312.000000
374214336.000000 642509696.000000
200576528.000000 643180416.000000
345520864.000000 642857664.000000
218192320.000000 642768384.000000
232951264.000000 620212096.000000
223976592.000000 642531968.000000
227361728.000000 643078976.000000
232521440.000000 642648704.000000
257274768.000000 620692352.000000
273962560.000000 620977792.000000
281130496.000000 620503360.000000
310082560.000000 642860352.000000
329975744.000000 642281216.000000
346225024.000000 642238080.000000
266203360.000000 642141184.000000
256426432.000000 642502208.000000
269045696.000000 643292992.000000
265169664.000000 642857216.000000
282076992.000000 643022848.000000
299208256.000000 642743552.000000
314971936.000000 642339456.000000
321814560.000000 642610304.000000
352763392.000000 620731840.000000
379701440.000000 642878464.000000
213297568.000000 620448640.000000
226089360.000000 642639104.000000
366675712.000000 642357952.000000
245407440.000000 620727680.000000
244564640.000000 620664512.000000
247724016.000000 642566656.000000
244884160.000000 642894208.000000
261230640.000000 642149440.000000
270090976.000000 642655744.000000
297024960.000000 642988160.000000
305002720.000000 643013440.000000
336361280.000000 642629312.000000
351881408.000000 620203136.000000
277053216.000000 642492800.000000
270931392.000000 620367104.000000
286006592.000000 642132544.000000
293960960.000000 643033984.000000
292910720.000000 620459072.000000
321419776.000000 620780672.000000
339154080.000000 643098496.000000
358705664.000000 620577536.000000
385133056.000000 642716864.000000
220289280.000000 642495616.000000
233035776.000000 642579200.000000
245073024.000000 620350144.000000
375019136.000000 643116608.000000
247969312.000000 642784896.000000
251554912.000000 620679488.000000
257281680.000000 620978624.000000
274091040.000000 642323072.000000
283948480.000000 642097280.000000
303180608.000000 642706304.000000
321968032.000000 642356480.000000
342572544.000000 620565568.000000
370875488.000000 620363008.000000
291489600.000000 620109568.000000
297109888.000000 642966656.000000
304721344.000000 620339392.000000
314530976.000000 642423744.000000
325167040.000000 620340800.000000
344636800.000000 643100800.000000
351712896.000000 643056256.000000
372156320.000000 621211520.000000
219137920.000000 642853888.000000
223708160.000000 598098944.000000
244421568.000000 642763008.000000
247812096.000000 642400640.000000
392360000.000000 642260480.000000
262638240.000000 598011840.000000
277923264.000000 598333440.000000
275978752.000000 598054336.000000
296009952.000000 620348672.000000
296948992.000000 643027392.000000
305298048.000000 642710016.000000
348615904.000000 620620672.000000
370833632.000000 620806912.000000
307885344.000000 598037888.000000
304638400.000000 620351872.000000
314089408.000000 642398400.000000
313100608.000000 620608576.000000
336756480.000000 620599040.000000
357420832.000000 643191616.000000
378227808.000000 619790528.000000
214697376.000000 620502976.000000
235376096.000000 620559616.000000
247775968.000000 620622912.000000
260515104.000000 620710336.000000
271883808.000000 620057152.000000
425797440.000000 642437248.000000
289364704.000000 620549440.000000
297434240.000000 642180992.000000
297002272.000000 642366208.000000
319336608.000000 642876032.000000
332771584.000000 620616064.000000
354336192.000000 620183104.000000
378592736.000000 621103936.000000
326490304.000000 642643136.000000
324656000.000000 620560640.000000
334913568.000000 642165312.000000
359895392.000000 642645696.000000
361920416.000000 642686080.000000
398464928.000000 620733120.000000
228516736.000000 642550912.000000
232669984.000000 642622784.000000
244676768.000000 642694720.000000
266308160.000000 620307136.000000
277864800.000000 642571776.000000
289388480.000000 620500672.000000
429434752.000000 620675456.000000
309077376.000000 642633600.000000
308641792.000000 620615744.000000
319244288.000000 642317952.000000
332711712.000000 598383872.000000
359726016.000000 620457088.000000
371375296.000000 598045632.000000
335361664.000000 620554432.000000
345305792.000000 620266240.000000
370889408.000000 642784768.000000
372181120.000000 620476352.000000
403689696.000000 620542336.000000
251251200.000000 642491392.000000
248473760.000000 620668672.000000
252344128.000000 642775424.000000
255426016.000000 642755648.000000
275843168.000000 642406720.000000
297483008.000000 642580672.000000
287513280.000000 620347264.000000
463097024.000000 642764352.000000
319568256.000000 642535040.000000
330463392.000000 642744832.000000
344079296.000000 643291904.000000
371492832.000000 642748160.000000
376648000.000000 642116928.000000
357216544.000000 620885056.000000
369058880.000000 642927232.000000
383213248.000000 620342912.000000
415211136.000000 620604544.000000
267940064.000000 598619712.000000
264403104.000000 642860352.000000
279592928.000000 642716672.000000
284249408.000000 642593152.000000
285713536.000000 642514112.000000
307947776.000000 642822400.000000
308343392.000000 620528768.000000
331280448.000000 642608512.000000
481915968.000000 642331456.000000
354950944.000000 620629312.000000
367919488.000000 642397952.000000
384182912.000000 620785472.000000
403204544.000000 642761920.000000
387119424.000000 642584960.000000
388262080.000000 642629760.000000
420537088.000000 620651264.000000
275425280.000000 620695616.000000
280968768.000000 642900736.000000
296827776.000000 642683712.000000
292604480.000000 620265728.000000
296789504.000000 642201920.000000
308024800.000000 620407040.000000
330887936.000000 620523392.000000
330480896.000000 642922624.000000
355203552.000000 643025600.000000
481121536.000000 643051456.000000
373355104.000000 620593408.000000
389111872.000000 642875776.000000
394212608.000000 642619712.000000
407491488.000000 620432512.000000
425502336.000000 620259200.000000
303792224.000000 642436160.000000
299550080.000000 642763904.000000
315772192.000000 620903680.000000
322213952.000000 620698176.000000
316724864.000000 642822912.000000
332941312.000000 621099968.000000
344658496.000000 643010304.000000
343600352.000000 620520832.000000
368113184.000000 642572608.000000
373641856.000000 642828864.000000
513751168.000000 642565248.000000
381606592.000000 620655104.000000
413920192.000000 642419136.000000
431409408.000000 643046976.000000
313615488.000000 642721280.000000
318931008.000000 642569920.000000
336412352.000000 620687744.000000
342968576.000000 643418176.000000
348316160.000000 642519360.000000
354506048.000000 620145792.000000
359944896.000000 642637632.000000
358561792.000000 642894784.000000
383759072.000000 642706048.000000
388854560.000000 642131136.000000
394930624.000000 620700864.000000
511597696.000000 642899328.000000
405283840.000000 642723968.000000
353123072.000000 620708928.000000
359360320.000000 621223616.000000
364500576.000000 620446784.000000
370685280.000000 642502592.000000
370640832.000000 620761472.000000
378066528.000000 620369344.000000
384775904.000000 642840832.000000
390604192.000000 642509696.000000
388938944.000000 642591232.000000
408330720.000000 620579456.000000
413678912.000000 619915136.000000
419837696.000000 642648768.000000
547144960.000000 620013632.000000
231394496.000000 642839552.000000
228652704.000000 643013376.000000
243264960.000000 642558464.000000
233660832.000000 642908672.000000
245049072.000000 642053184.000000
249952480.000000 642693440.000000
272625536.000000 620562304.000000
288481792.000000 642877184.000000
304615744.000000 642596096.000000
322267264.000000 620487488.000000
342262144.000000 620813696.000000
356028096.000000 642313664.000000
248327904.000000 620491136.000000
255204336.000000 620961664.000000
254225760.000000 620692672.000000
248563168.000000 642772608.000000
262434000.000000 642196288.000000
277887680.000000 642720896.000000
293609024.000000 642722176.000000
298841152.000000 620187456.000000
327749376.000000 642600064.000000
347356256.000000 642806272.000000
373827904.000000 642175616.000000
266594736.000000 643253888.000000
256556896.000000 642735168.000000
259647328.000000 642842240.000000
265227040.000000 620323264.000000
282143712.000000 621027584.000000
288664800.000000 620385472.000000
315334656.000000 642553088.000000
321663360.000000 642437376.000000
340307584.000000 642441344.000000
366561056.000000 642979072.000000
267680928.000000 642858880.000000
270827872.000000 620334976.000000
286291072.000000 620627072.000000
283772832.000000 620809792.000000
303443680.000000 620489728.000000
310234880.000000 642623872.000000
327475712.000000 642584832.000000
346346048.000000 642535104.000000
371702048.000000 642623360.000000
281547808.000000 642313856.000000
297123808.000000 620305856.000000
294396512.000000 620413120.000000
314333056.000000 598173952.000000
314034176.000000 642595968.000000
344270784.000000 620174144.000000
351640320.000000 620544512.000000
385215104.000000 642616832.000000
297461504.000000 620371136.000000
315594304.000000 620470976.000000
314043584.000000 642332352.000000
324644288.000000 642538688.000000
336826432.000000 642428800.000000
369674848.000000 642687680.000000
378521440.000000 642655296.000000
326536704.000000 642370368.000000
336252928.000000 620634560.000000
334995520.000000 620402048.000000
360207104.000000 598596032.000000
375009024.000000 642936640.000000
398237952.000000 620681024.000000
335184672.000000 620583424.000000
358054368.000000 642840448.000000
357620224.000000 620500288.000000
385349632.000000 642650688.000000
403426496.000000 642771328.000000
369761856.000000 642747520.000000
369114944.000000 642754496.000000
396905792.000000 620296384.000000
415503616.000000 642984192.000000
373930304.000000 620496640.000000
401813856.000000 642437120.000000
420357024.000000 643063552.000000
407780224.000000 620878720.000000
425615296.000000 620774912.000000
415823488.000000 642345728.000000
